45 45 0
	149 76 28 
		3
			18
				1 148 97 4 
				0 157 99 4 
				0 164 95 4 
				0 169 89 4 
				1 171 84 4 
				0 173 73 4 
				0 170 66 4 
				0 166 59 4 
				0 159 54 4 
				1 151 55 4 
				0 144 53 4 
				0 136 56 4 
				1 133 62 4 
				0 126 68 4 
				0 125 76 4 
				0 127 84 4 
				0 130 91 4 
				1 137 96 4 
			12
				0 149 92 4 
				0 157 90 4 
				0 163 84 4 
				1 166 77 4 
				0 163 69 4 
				0 158 63 4 
				0 150 60 4 
				0 142 62 4 
				0 136 67 4 
				0 133 74 4 
				0 134 82 4 
				1 142 82 4 
			5
				0 149 84 4 
				1 157 78 4 
				0 156 72 4 
				1 148 68 4 
				0 142 73 4 
	79 128 14 
		2
			7
				1 74 137 4 
				0 86 135 4 
				1 87 131 4 
				1 86 121 4 
				0 79 118 4 
				1 75 122 4 
				0 69 129 4 
			1
				1 79 130 4 
	272 68 19 
		2
			11
				1 268 81 4 
				0 280 81 4 
				0 285 75 4 
				0 287 67 4 
				0 284 60 4 
				1 281 56 4 
				0 271 53 4 
				0 263 56 4 
				1 260 60 4 
				1 258 73 4 
				0 260 78 4 
			5
				0 272 75 4 
				0 279 70 4 
				0 277 63 4 
				1 268 66 4 
				0 265 69 4 
	173 54 13 
		2
			7
				0 173 63 4 
				0 180 60 4 
				1 182 56 4 
				1 179 47 4 
				0 170 45 4 
				0 164 51 4 
				1 165 56 4 
			1
				1 173 58 4 
	275 42 15 
		2
			8
				1 270 51 4 
				0 282 50 4 
				1 283 42 4 
				0 284 35 4 
				1 274 33 4 
				0 269 33 4 
				0 264 39 4 
				0 265 47 4 
			1
				1 271 43 4 
	222 37 16 
		2
			9
				0 222 49 4 
				0 230 47 4 
				0 234 40 4 
				1 234 35 4 
				0 228 26 4 
				1 224 25 4 
				1 213 31 4 
				0 210 36 4 
				0 212 44 4 
			2
				1 225 41 4 
				0 225 34 4 
	103 113 16 
		2
			9
				0 103 125 4 
				1 108 124 4 
				0 115 116 4 
				0 114 108 4 
				0 109 102 4 
				1 102 102 4 
				0 94 104 4 
				1 95 113 4 
				0 92 119 4 
			2
				1 106 116 4 
				0 106 110 4 
	70 33 11 
		1
			5
				1 70 40 4 
				0 77 36 4 
				1 71 32 4 
				0 68 26 4 
				1 63 32 4 
	32 57 13 
		2
			6
				1 35 65 4 
				0 39 62 4 
				0 40 54 4 
				1 35 49 4 
				0 27 50 4 
				1 27 55 4 
			1
				0 32 57 4 
	170 35 13 
		2
			6
				0 170 44 4 
				0 177 40 4 
				1 178 36 4 
				0 172 27 4 
				1 164 29 4 
				0 161 35 4 
			1
				1 167 37 4 
	194 107 14 
		2
			7
				0 194 117 4 
				0 201 113 4 
				0 203 106 4 
				1 199 102 4 
				0 191 98 4 
				1 187 102 4 
				1 186 112 4 
			1
				0 194 107 4 
	56 128 15 
		2
			8
				0 56 139 4 
				0 63 136 4 
				0 67 129 4 
				1 65 122 4 
				1 56 118 4 
				0 50 119 4 
				1 48 126 4 
				0 46 133 4 
			1
				0 56 128 4 
	70 61 15 
		2
			8
				0 70 72 4 
				0 77 69 4 
				0 81 62 4 
				0 79 54 4 
				1 70 54 4 
				0 64 52 4 
				1 62 57 4 
				1 62 68 4 
			1
				0 70 61 4 
	70 82 15 
		2
			8
				0 70 93 4 
				1 78 89 4 
				0 81 83 4 
				0 79 75 4 
				0 72 71 4 
				0 64 73 4 
				1 61 81 4 
				0 60 87 4 
			1
				1 70 82 4 
	231 53 9 
		1
			3
				1 228 57 4 
				0 236 52 4 
				1 232 50 4 
	193 31 10 
		1
			4
				1 192 36 4 
				0 199 31 4 
				1 191 26 4 
				0 187 30 4 
	101 33 11 
		1
			4
				0 101 40 4 
				1 107 33 4 
				0 104 27 4 
				1 97 30 4 
	139 125 11 
		1
			5
				0 139 132 4 
				1 145 127 4 
				0 144 120 4 
				0 136 119 4 
				1 136 128 4 
	33 95 11 
		1
			5
				1 30 100 4 
				0 40 98 4 
				1 38 90 4 
				0 31 88 4 
				0 26 94 4 
	269 91 16 
		2
			9
				0 269 103 4 
				0 277 100 4 
				0 281 94 4 
				1 279 85 4 
				0 274 80 4 
				0 266 79 4 
				0 259 84 4 
				1 259 92 4 
				0 260 99 4 
			1
				0 269 91 4 
	229 119 6 
		1
			1
				1 230 118 4 
	238 99 6 
		1
			1
				1 238 98 4 
	256 119 6 
		1
			1
				1 256 121 4 
	43 135 6 
		1
			1
				1 44 136 4 
	38 32 7 
		1
			1
				1 36 30 4 
	217 116 8 
		1
			1
				1 214 114 4 
	52 30 8 
		1
			1
				1 52 34 4 
	183 118 8 
		1
			2
				1 184 122 4 
				0 187 115 4 
	269 112 9 
		1
			3
				0 269 117 4 
				0 274 110 4 
				1 266 109 4 
	90 29 9 
		1
			3
				1 90 34 4 
				0 95 28 4 
				0 87 25 4 
	137 29 9 
		1
			3
				0 137 34 4 
				1 141 26 4 
				0 134 25 4 
	146 29 9 
		1
			3
				0 146 34 4 
				1 150 30 4 
				0 143 25 4 
	81 32 9 
		1
			3
				0 81 37 4 
				0 86 32 4 
				1 79 30 4 
	106 49 10 
		1
			4
				0 106 55 4 
				1 111 48 4 
				0 107 43 4 
				0 100 48 4 
	129 30 10 
		1
			4
				0 129 36 4 
				0 135 31 4 
				0 130 24 4 
				1 126 30 4 
	258 29 10 
		1
			4
				0 258 35 4 
				0 264 30 4 
				1 261 24 4 
				0 252 27 4 
	72 49 10 
		1
			4
				0 72 55 4 
				0 78 50 4 
				1 77 46 4 
				0 67 45 4 
	32 88 12 
		2
			6
				0 32 96 4 
				0 39 93 4 
				0 40 85 4 
				0 33 80 4 
				0 26 82 4 
				1 27 87 4 
			1
				0 32 88 4 
	229 65 13 
		2
			6
				0 229 74 4 
				0 236 70 4 
				0 238 63 4 
				0 232 57 4 
				0 224 57 4 
				1 221 67 4 
			1
				0 229 65 4 
	231 71 13 
		2
			6
				0 231 80 4 
				0 238 76 4 
				0 240 69 4 
				0 234 63 4 
				0 226 63 4 
				1 223 75 4 
			1
				0 231 71 4 
	31 62 13 
		2
			6
				0 31 71 4 
				0 38 68 4 
				0 40 60 4 
				0 35 54 4 
				0 27 54 4 
				0 22 60 4 
			1
				1 26 65 4 
	169 59 13 
		2
			7
				0 169 68 4 
				1 173 66 4 
				0 178 57 4 
				0 174 51 4 
				0 166 50 4 
				0 160 56 4 
				0 161 64 4 
			1
				0 169 59 4 
	116 121 14 
		2
			7
				0 116 131 4 
				0 123 128 4 
				0 126 120 4 
				1 118 114 4 
				0 114 111 4 
				0 108 116 4 
				0 107 124 4 
			1
				0 116 121 4 
	179 38 16 
		2
			9
				0 179 50 4 
				0 187 48 4 
				0 191 41 4 
				0 191 33 4 
				0 185 27 4 
				1 179 26 4 
				0 170 29 4 
				0 167 36 4 
				0 168 44 4 
			2
				0 179 42 4 
				0 183 35 4 
	272 72 19 
		2
			11
				0 272 87 4 
				0 280 85 4 
				0 285 79 4 
				1 287 72 4 
				0 284 64 4 
				0 278 58 4 
				0 271 57 4 
				0 263 60 4 
				0 258 66 4 
				0 257 74 4 
				0 260 82 4 
			5
				0 272 79 4 
				0 279 74 4 
				0 277 67 4 
				0 269 66 4 
				0 265 73 4 
