1450 
2 186 0 
2 417 0 
3 187 1 
3 416 1 
4 188 2 
4 415 2 
5 189 3 
5 414 3 
6 190 4 
6 413 4 
7 191 5 
7 412 5 
8 192 6 
8 411 6 
9 193 7 
9 410 7 
10 194 8 
10 409 8 
11 195 9 
11 408 9 
12 196 10 
12 407 10 
13 197 11 
13 406 11 
14 198 12 
14 405 12 
15 199 13 
15 404 13 
16 200 14 
16 403 14 
17 201 15 
17 402 15 
18 202 16 
18 401 16 
19 203 17 
19 400 17 
20 204 18 
20 399 18 
21 205 19 
21 398 19 
22 206 20 
22 397 20 
23 207 21 
23 396 21 
24 208 22 
24 395 22 
25 209 23 
25 394 23 
26 210 24 
26 393 24 
27 211 25 
27 392 25 
28 212 26 
28 391 26 
29 213 27 
29 390 27 
30 214 28 
30 389 28 
31 215 29 
31 388 29 
32 216 30 
32 387 30 
33 217 31 
33 386 31 
34 218 32 
34 385 32 
35 219 33 
35 384 33 
36 220 34 
36 383 34 
37 221 35 
37 382 35 
38 222 36 
38 381 36 
39 223 37 
39 380 37 
40 224 38 
40 379 38 
41 225 39 
41 378 39 
42 226 40 
42 377 40 
43 227 41 
43 376 41 
44 228 42 
44 375 42 
45 229 43 
45 374 43 
46 230 44 
46 373 44 
47 231 45 
47 372 45 
48 232 46 
48 371 46 
49 233 47 
49 370 47 
50 234 48 
50 369 48 
51 235 49 
51 368 49 
52 236 50 
52 367 50 
53 237 51 
53 366 51 
54 238 52 
54 365 52 
55 239 53 
55 364 53 
56 240 54 
56 363 54 
57 241 55 
57 362 55 
58 242 56 
58 361 56 
59 243 57 
59 360 57 
60 244 58 
60 359 58 
61 245 59 
61 358 59 
62 246 60 
62 357 60 
63 247 61 
63 356 61 
64 248 62 
64 355 62 
65 249 63 
65 354 63 
66 250 64 
66 353 64 
67 251 65 
67 352 65 
68 252 66 
68 351 66 
69 253 67 
69 350 67 
70 254 68 
70 349 68 
71 255 69 
71 348 69 
72 256 70 
72 347 70 
73 257 71 
73 346 71 
74 258 72 
74 345 72 
75 259 73 
75 344 73 
76 260 74 
76 343 74 
77 261 75 
77 342 75 
78 262 76 
78 341 76 
79 263 77 
79 340 77 
80 264 78 
80 339 78 
81 265 79 
81 338 79 
82 266 80 
82 337 80 
83 267 81 
83 336 81 
84 268 82 
84 335 82 
85 269 83 
85 334 83 
86 270 84 
86 333 84 
87 271 85 
87 332 85 
88 272 86 
88 331 86 
89 273 87 
89 330 87 
90 274 88 
90 329 88 
91 275 89 
91 328 89 
92 276 90 
92 327 90 
93 277 91 
93 326 91 
94 278 92 
94 325 92 
95 278 92 
95 279 93 
95 280 93 
95 281 93 
95 282 93 
95 283 93 
95 284 93 
95 285 93 
95 286 93 
95 287 93 
95 288 93 
95 289 93 
95 290 93 
95 291 93 
95 292 93 
95 293 93 
95 294 93 
95 295 93 
95 296 93 
95 324 93 
96 278 92 
96 297 94 
96 298 94 
96 323 94 
97 278 92 
97 299 94 
97 300 94 
97 322 93 
98 277 91 
98 301 93 
98 302 93 
98 321 93 
99 276 90 
99 303 92 
99 304 92 
99 320 92 
100 275 89 
100 305 91 
100 306 91 
100 319 91 
101 274 88 
101 307 90 
101 308 90 
101 318 90 
102 273 87 
102 309 89 
102 310 90 
102 317 89 
103 272 86 
103 311 89 
103 312 89 
103 316 89 
104 271 85 
104 313 88 
104 314 88 
104 315 88 
105 270 84 
105 315 87 
106 269 83 
106 315 86 
107 268 82 
107 315 85 
108 267 81 
108 315 84 
108 316 84 
108 317 83 
108 318 83 
108 319 83 
108 320 83 
108 321 83 
108 322 83 
108 323 82 
108 324 82 
108 325 82 
108 326 82 
108 327 82 
108 328 82 
108 329 82 
108 330 82 
108 331 82 
108 332 82 
108 333 82 
108 334 82 
108 335 81 
108 336 81 
108 337 81 
109 266 80 
109 315 83 
109 338 80 
110 265 79 
110 315 82 
110 339 79 
111 264 78 
111 315 81 
111 340 78 
112 263 77 
112 315 80 
112 341 77 
113 262 76 
113 315 79 
113 342 76 
114 261 75 
114 315 78 
114 343 75 
115 260 74 
115 315 77 
115 344 74 
116 259 73 
116 315 76 
116 345 73 
117 258 72 
117 315 75 
117 346 72 
118 257 71 
118 315 74 
118 347 71 
119 256 70 
119 315 73 
119 348 70 
120 255 69 
120 315 72 
120 349 69 
121 254 68 
121 315 71 
121 350 68 
122 253 67 
122 315 70 
122 351 67 
123 252 66 
123 315 69 
123 352 66 
124 251 65 
124 315 69 
124 353 65 
125 250 64 
125 315 68 
125 354 64 
126 249 63 
126 315 67 
126 355 63 
127 248 62 
127 315 66 
127 356 62 
128 247 61 
128 315 65 
128 357 61 
129 246 60 
129 315 64 
129 358 60 
130 245 59 
130 315 63 
130 359 59 
131 244 58 
131 315 62 
131 360 58 
132 243 57 
132 315 61 
132 361 57 
133 242 56 
133 315 60 
133 362 56 
134 241 55 
134 315 59 
134 363 55 
135 240 54 
135 315 58 
135 364 54 
136 239 53 
136 315 57 
136 365 53 
137 238 52 
137 315 56 
137 366 52 
138 237 51 
138 315 55 
138 367 51 
139 236 50 
139 315 54 
139 368 50 
140 235 49 
140 315 53 
140 369 49 
141 234 48 
141 315 52 
141 370 48 
142 233 47 
142 315 52 
142 371 47 
143 232 46 
143 315 51 
143 372 46 
144 231 45 
144 315 50 
144 373 45 
145 230 44 
145 315 49 
145 374 44 
146 229 43 
146 315 48 
146 375 43 
147 228 42 
147 315 47 
147 376 42 
148 227 41 
148 315 46 
148 377 41 
149 226 40 
149 315 45 
149 378 40 
150 225 39 
150 315 44 
150 379 39 
151 224 38 
151 315 43 
151 380 38 
152 223 37 
152 315 43 
152 381 37 
153 222 36 
153 315 42 
153 382 36 
154 221 35 
154 315 41 
154 383 35 
155 220 34 
155 315 40 
155 384 34 
156 219 33 
156 315 39 
156 385 33 
157 218 32 
157 315 38 
157 386 32 
158 217 31 
158 315 37 
158 387 31 
159 216 30 
159 315 37 
159 388 30 
160 215 29 
160 315 36 
160 389 29 
161 214 28 
161 315 35 
161 390 28 
162 213 27 
162 315 34 
162 391 27 
163 212 26 
163 315 33 
163 392 26 
164 211 25 
164 315 33 
164 393 25 
165 210 24 
165 315 32 
165 394 24 
166 209 23 
166 315 31 
166 395 23 
167 208 22 
167 315 30 
167 396 22 
168 207 21 
168 315 29 
168 397 21 
169 206 20 
169 315 29 
169 398 20 
170 205 19 
170 315 28 
170 399 19 
171 204 18 
171 315 27 
171 400 18 
172 203 17 
172 315 27 
172 401 17 
173 202 16 
173 315 26 
173 402 16 
174 201 15 
174 315 25 
174 403 15 
175 200 14 
175 315 25 
175 404 14 
176 199 13 
176 315 24 
176 405 13 
177 198 12 
177 315 23 
177 406 12 
178 197 11 
178 315 23 
178 407 11 
179 196 10 
179 315 22 
179 408 10 
180 195 9 
180 315 22 
180 409 9 
181 194 8 
181 315 21 
181 410 8 
182 193 7 
182 315 21 
182 411 7 
183 192 6 
183 315 20 
183 412 6 
184 191 5 
184 315 20 
184 413 5 
185 190 4 
185 315 19 
185 414 4 
186 189 3 
186 315 19 
186 415 3 
187 188 2 
187 315 19 
187 416 2 
188 187 1 
188 315 19 
188 417 0 
189 186 0 
189 315 19 
190 315 19 
191 315 18 
192 315 18 
193 315 18 
194 315 18 
195 315 18 
196 315 18 
197 315 18 
198 315 18 
199 315 18 
200 315 18 
201 315 18 
202 315 18 
203 315 18 
204 315 18 
205 315 18 
206 315 18 
207 315 18 
208 315 18 
209 315 18 
210 315 18 
211 315 18 
212 315 18 
213 315 18 
214 315 18 
215 315 18 
216 315 18 
217 315 18 
218 315 18 
219 315 18 
220 315 18 
221 315 18 
222 315 18 
223 315 18 
224 315 18 
225 315 18 
226 315 18 
227 315 18 
228 315 18 
229 315 18 
230 315 18 
231 315 18 
232 315 18 
233 315 18 
234 315 18 
235 315 18 
236 315 18 
237 315 18 
238 315 18 
239 315 18 
240 315 18 
241 315 18 
242 315 18 
243 315 18 
244 315 18 
245 315 18 
246 315 18 
247 315 18 
248 315 18 
249 315 18 
250 315 18 
251 315 18 
252 315 18 
253 315 18 
254 315 18 
255 315 18 
256 315 18 
257 315 18 
258 315 18 
259 315 18 
260 315 18 
261 315 18 
262 315 18 
263 315 18 
264 315 18 
265 315 18 
266 315 18 
267 315 18 
268 315 18 
269 315 18 
270 315 18 
271 315 18 
272 315 18 
273 315 18 
274 315 18 
275 315 18 
276 315 18 
277 315 18 
278 315 18 
279 315 18 
280 315 18 
281 315 18 
282 315 18 
283 315 18 
284 315 18 
285 315 18 
286 315 18 
287 315 18 
288 315 18 
289 315 18 
290 315 18 
291 315 18 
292 315 18 
293 315 18 
294 315 18 
295 315 18 
296 315 18 
297 315 18 
298 315 18 
299 315 18 
300 315 18 
301 315 18 
302 315 18 
303 315 18 
304 315 18 
305 315 18 
306 315 18 
307 315 18 
308 315 18 
309 315 18 
310 315 18 
311 315 18 
312 315 18 
313 315 18 
314 315 18 
315 315 18 
316 315 18 
317 315 18 
318 315 18 
319 315 18 
320 315 18 
321 315 18 
322 315 18 
323 315 18 
324 315 18 
325 315 18 
326 315 18 
327 315 18 
328 315 18 
329 315 18 
330 315 18 
331 315 18 
332 315 18 
333 315 18 
334 315 18 
335 315 18 
336 315 18 
337 315 18 
338 315 18 
339 315 18 
340 315 18 
341 315 18 
342 315 18 
343 315 18 
344 315 18 
345 315 18 
346 315 18 
347 315 18 
348 315 18 
349 315 18 
350 315 18 
351 315 18 
352 315 18 
353 315 18 
354 315 18 
355 315 18 
356 315 18 
357 315 18 
358 315 18 
359 315 18 
360 315 18 
361 315 18 
362 315 18 
363 315 18 
364 315 18 
365 315 18 
366 315 18 
367 315 18 
368 315 18 
369 315 18 
370 315 18 
371 315 18 
372 315 18 
373 315 18 
374 315 18 
375 315 18 
376 315 18 
377 315 18 
378 315 18 
379 315 18 
380 315 18 
381 315 18 
382 315 18 
383 315 18 
384 315 18 
385 315 18 
386 315 18 
387 315 18 
388 315 18 
389 315 18 
390 315 18 
391 315 18 
392 315 18 
393 315 18 
394 315 18 
395 315 18 
396 315 18 
397 315 18 
398 315 18 
399 315 18 
400 315 18 
401 315 18 
402 315 18 
403 315 18 
404 315 18 
405 315 18 
406 315 18 
407 315 18 
408 315 18 
409 315 18 
410 315 18 
411 315 18 
412 315 18 
413 315 18 
414 315 18 
415 315 18 
416 315 18 
417 315 18 
418 315 18 
419 315 18 
420 315 18 
421 315 18 
422 315 18 
423 315 18 
424 315 18 
425 315 18 
426 315 18 
427 315 18 
428 315 18 
429 315 18 
430 315 18 
431 315 18 
432 315 18 
433 315 18 
434 315 18 
435 315 18 
436 315 18 
437 315 18 
438 315 18 
439 315 18 
440 315 18 
441 315 18 
442 315 18 
443 315 18 
444 315 18 
445 315 18 
446 315 18 
447 315 18 
448 315 18 
449 315 18 
450 315 18 
451 315 18 
452 315 18 
453 315 18 
454 315 18 
455 315 18 
456 315 18 
457 315 18 
458 315 18 
459 315 18 
460 315 18 
461 315 18 
462 315 18 
463 315 18 
464 315 18 
465 315 18 
466 315 18 
467 315 18 
468 315 18 
469 315 18 
470 315 18 
471 315 18 
472 315 18 
473 315 18 
474 315 18 
475 315 18 
476 315 18 
477 315 18 
478 315 18 
479 315 18 
480 315 18 
481 315 18 
482 315 18 
483 315 18 
484 315 18 
485 315 18 
486 315 18 
487 315 18 
488 315 18 
489 315 18 
490 315 18 
491 315 18 
492 315 18 
493 315 18 
494 315 18 
495 315 18 
496 315 18 
497 315 18 
498 315 18 
499 315 18 
500 315 18 
501 315 18 
502 315 18 
503 315 18 
504 315 18 
505 315 18 
506 315 18 
507 315 18 
508 315 18 
509 315 18 
510 315 18 
511 315 18 
512 315 18 
513 315 18 
514 315 18 
515 315 18 
516 315 18 
517 315 18 
518 315 18 
519 315 18 
520 315 18 
521 315 18 
522 315 18 
523 315 18 
524 315 18 
525 315 18 
526 315 18 
527 315 18 
528 315 18 
529 315 18 
530 315 18 
531 315 18 
532 315 18 
533 315 18 
534 315 18 
535 315 18 
536 315 18 
537 315 18 
538 315 18 
539 315 18 
540 315 18 
541 315 18 
542 315 18 
543 315 18 
544 315 18 
545 315 18 
546 315 18 
547 315 18 
548 315 18 
549 315 18 
550 315 18 
551 315 18 
552 315 18 
553 315 18 
554 315 18 
555 315 18 
556 315 18 
557 315 18 
558 315 18 
559 315 18 
560 315 18 
561 315 18 
562 315 18 
563 315 18 
564 315 18 
565 315 18 
566 315 18 
567 315 18 
568 315 18 
569 315 18 
570 315 18 
571 315 18 
572 315 18 
573 315 18 
574 315 18 
575 315 18 
576 315 18 
577 315 18 
578 315 18 
579 315 18 
580 315 18 
581 315 18 
582 315 18 
583 315 18 
584 315 18 
585 315 18 
586 315 18 
587 315 18 
588 315 18 
589 315 18 
590 315 18 
591 315 18 
592 315 18 
593 315 18 
594 315 18 
595 315 18 
596 315 18 
597 315 18 
598 315 18 
599 315 18 
600 315 18 
601 315 18 
602 315 18 
603 315 18 
604 315 18 
605 315 18 
606 315 18 
607 315 18 
608 315 18 
609 315 18 
610 315 18 
611 315 18 
612 315 18 
613 315 18 
614 315 18 
615 315 18 
616 315 18 
616 417 0 
617 315 19 
617 416 1 
618 186 0 
618 315 19 
618 415 2 
619 187 1 
619 315 19 
619 414 3 
620 188 2 
620 315 19 
620 413 4 
621 189 3 
621 315 19 
621 412 5 
622 190 4 
622 315 19 
622 411 6 
623 191 5 
623 315 20 
623 410 7 
624 192 6 
624 315 20 
624 409 8 
625 193 7 
625 315 21 
625 408 9 
626 194 8 
626 315 21 
626 407 10 
627 195 9 
627 315 22 
627 406 11 
628 196 10 
628 315 22 
628 405 12 
629 197 11 
629 315 23 
629 404 13 
630 198 12 
630 315 23 
630 403 14 
631 199 13 
631 315 24 
631 402 15 
632 200 14 
632 315 25 
632 401 16 
633 201 15 
633 315 25 
633 400 17 
634 202 16 
634 315 26 
634 399 18 
635 203 17 
635 315 27 
635 398 19 
636 204 18 
636 315 27 
636 397 20 
637 205 19 
637 315 28 
637 396 21 
638 206 20 
638 315 29 
638 395 22 
639 207 21 
639 315 29 
639 394 23 
640 208 22 
640 315 30 
640 393 24 
641 209 23 
641 315 31 
641 392 25 
642 210 24 
642 315 32 
642 391 26 
643 211 25 
643 315 33 
643 390 27 
644 212 26 
644 315 33 
644 389 28 
645 213 27 
645 315 34 
645 388 29 
646 214 28 
646 315 35 
646 387 30 
647 215 29 
647 315 36 
647 386 31 
648 216 30 
648 315 37 
648 385 32 
649 217 31 
649 315 37 
649 384 33 
650 218 32 
650 315 38 
650 383 34 
651 219 33 
651 315 39 
651 382 35 
652 220 34 
652 315 40 
652 381 36 
653 221 35 
653 315 41 
653 380 37 
654 222 36 
654 315 42 
654 379 38 
655 223 37 
655 315 43 
655 378 39 
656 224 38 
656 315 43 
656 377 40 
657 225 39 
657 315 44 
657 376 41 
658 226 40 
658 315 45 
658 375 42 
659 227 41 
659 315 46 
659 374 43 
660 228 42 
660 315 47 
660 373 44 
661 229 43 
661 315 48 
661 372 45 
662 230 44 
662 315 49 
662 371 46 
663 231 45 
663 315 50 
663 370 47 
664 232 46 
664 315 51 
664 369 48 
665 233 47 
665 315 52 
665 368 49 
666 234 48 
666 315 52 
666 367 50 
667 235 49 
667 315 53 
667 366 51 
668 236 50 
668 315 54 
668 365 52 
669 237 51 
669 315 55 
669 364 53 
670 238 52 
670 315 56 
670 363 54 
671 239 53 
671 315 57 
671 362 55 
672 240 54 
672 315 58 
672 361 56 
673 241 55 
673 315 59 
673 360 57 
674 242 56 
674 315 60 
674 359 58 
675 243 57 
675 315 61 
675 358 59 
676 244 58 
676 315 62 
676 357 60 
677 245 59 
677 315 63 
677 356 61 
678 246 60 
678 315 64 
678 355 62 
679 247 61 
679 315 65 
679 354 63 
680 248 62 
680 315 66 
680 353 64 
681 249 63 
681 315 67 
681 352 65 
682 250 64 
682 315 68 
682 351 66 
683 251 65 
683 315 69 
683 350 67 
684 252 66 
684 315 69 
684 349 68 
685 253 67 
685 315 70 
685 348 69 
686 254 68 
686 315 71 
686 347 70 
687 255 69 
687 315 72 
687 346 71 
688 256 70 
688 315 73 
688 345 72 
689 257 71 
689 315 74 
689 344 73 
690 258 72 
690 315 75 
690 343 74 
691 259 73 
691 315 76 
691 342 75 
692 260 74 
692 315 77 
692 341 76 
693 261 75 
693 315 78 
693 340 77 
694 262 76 
694 315 79 
694 339 78 
695 263 77 
695 315 80 
695 338 79 
696 264 78 
696 315 81 
696 337 80 
697 265 79 
697 316 82 
697 317 83 
697 318 83 
697 319 83 
697 320 83 
697 321 83 
697 322 83 
697 323 83 
697 324 82 
697 325 82 
697 326 82 
697 327 82 
697 328 82 
697 329 82 
697 330 82 
697 331 82 
697 332 82 
697 333 82 
697 334 82 
697 335 82 
697 336 81 
698 266 80 
698 316 83 
699 267 81 
699 316 84 
700 268 82 
700 314 85 
700 315 85 
700 316 85 
701 269 83 
701 312 85 
701 313 85 
701 317 86 
702 270 84 
702 310 86 
702 311 86 
702 318 88 
703 271 85 
703 308 86 
703 309 87 
703 319 89 
704 272 86 
704 306 87 
704 307 87 
704 320 90 
705 273 87 
705 304 88 
705 305 88 
705 321 91 
706 274 88 
706 302 89 
706 303 89 
706 322 92 
707 275 89 
707 300 90 
707 301 90 
707 323 92 
708 276 90 
708 298 91 
708 299 91 
708 324 93 
709 276 90 
709 277 91 
709 278 91 
709 279 91 
709 280 91 
709 281 91 
709 282 91 
709 283 91 
709 284 91 
709 285 91 
709 286 91 
709 287 91 
709 288 91 
709 289 91 
709 290 91 
709 291 91 
709 292 91 
709 293 91 
709 294 91 
709 295 91 
709 296 92 
709 297 92 
709 325 93 
710 276 90 
710 326 92 
711 276 90 
711 327 91 
712 275 89 
712 328 90 
713 274 88 
713 329 89 
714 273 87 
714 330 88 
715 272 86 
715 331 87 
716 271 85 
716 332 86 
717 270 84 
717 333 85 
718 269 83 
718 334 84 
719 268 82 
719 335 83 
720 267 81 
720 336 82 
721 266 80 
721 337 81 
722 265 79 
722 338 80 
723 264 78 
723 339 79 
724 263 77 
724 340 78 
725 262 76 
725 341 77 
726 261 75 
726 342 76 
727 260 74 
727 343 75 
728 259 73 
728 344 74 
729 258 72 
729 345 73 
730 257 71 
730 346 72 
731 256 70 
731 347 71 
732 255 69 
732 348 70 
733 254 68 
733 349 69 
734 253 67 
734 350 68 
735 252 66 
735 351 67 
736 251 65 
736 352 66 
737 250 64 
737 353 65 
738 249 63 
738 354 64 
739 248 62 
739 355 63 
740 247 61 
740 356 62 
741 246 60 
741 357 61 
742 245 59 
742 358 60 
743 244 58 
743 359 59 
744 243 57 
744 360 58 
745 242 56 
745 361 57 
746 241 55 
746 362 56 
747 240 54 
747 363 55 
748 239 53 
748 364 54 
749 238 52 
749 365 53 
750 237 51 
750 366 52 
751 236 50 
751 367 51 
752 235 49 
752 368 50 
753 234 48 
753 369 49 
754 233 47 
754 370 48 
755 232 46 
755 371 47 
756 231 45 
756 372 46 
757 230 44 
757 373 45 
758 229 43 
758 374 44 
759 228 42 
759 375 43 
760 227 41 
760 376 42 
761 226 40 
761 377 41 
762 225 39 
762 378 40 
763 224 38 
763 379 39 
764 223 37 
764 380 38 
765 222 36 
765 381 37 
766 221 35 
766 382 36 
767 220 34 
767 383 35 
768 219 33 
768 384 34 
769 218 32 
769 385 33 
770 217 31 
770 386 32 
771 216 30 
771 387 31 
772 215 29 
772 388 30 
773 214 28 
773 389 29 
774 213 27 
774 390 28 
775 212 26 
775 391 27 
776 211 25 
776 392 26 
777 210 24 
777 393 25 
778 209 23 
778 394 24 
779 208 22 
779 395 23 
780 207 21 
780 396 22 
781 206 20 
781 397 21 
782 205 19 
782 398 20 
783 204 18 
783 399 19 
784 203 17 
784 400 18 
785 202 16 
785 401 17 
786 201 15 
786 402 16 
787 200 14 
787 403 15 
788 199 13 
788 404 14 
789 198 12 
789 405 13 
790 197 11 
790 406 12 
791 196 10 
791 407 11 
792 195 9 
792 408 10 
793 194 8 
793 409 9 
794 193 7 
794 410 8 
795 192 6 
795 411 7 
796 191 5 
796 412 6 
797 190 4 
797 413 5 
798 189 3 
798 414 4 
799 188 2 
799 415 3 
800 187 1 
800 416 2 
801 186 0 
801 417 0 
