2239 
2 2 0 
2 359 0 
3 3 1 
3 358 1 
4 4 2 
4 357 2 
5 5 3 
5 356 3 
6 6 4 
6 355 4 
7 7 5 
7 354 5 
8 8 6 
8 353 6 
9 9 7 
9 352 7 
10 10 8 
10 351 8 
11 11 9 
11 350 9 
12 12 10 
12 349 10 
13 13 11 
13 348 11 
14 14 12 
14 347 12 
15 15 13 
15 346 13 
16 16 14 
16 345 14 
17 17 15 
17 344 15 
18 18 16 
18 343 16 
19 19 17 
19 342 17 
20 20 18 
20 341 18 
21 21 19 
21 340 19 
22 22 20 
22 339 20 
23 23 21 
23 338 21 
24 24 22 
24 337 22 
25 25 23 
25 336 23 
26 26 24 
26 335 24 
27 27 25 
27 334 25 
28 28 26 
28 333 26 
29 29 27 
29 332 27 
30 30 28 
30 331 28 
31 31 29 
31 330 29 
32 32 30 
32 329 30 
33 33 31 
33 328 31 
34 34 32 
34 327 32 
35 35 33 
35 326 33 
36 36 34 
36 325 34 
37 37 35 
37 324 35 
38 38 36 
38 323 36 
39 39 37 
39 322 37 
40 40 38 
40 321 38 
41 41 39 
41 320 39 
42 42 40 
42 319 40 
43 43 41 
43 318 41 
44 44 42 
44 317 42 
45 45 43 
45 316 43 
46 46 44 
46 315 44 
47 47 45 
47 314 45 
48 48 46 
48 313 46 
49 49 47 
49 312 47 
50 50 48 
50 311 48 
51 51 49 
51 310 49 
52 52 50 
52 309 50 
53 53 51 
53 308 51 
54 54 52 
54 307 52 
55 55 53 
55 306 53 
56 56 54 
56 305 54 
57 57 55 
57 304 55 
58 58 56 
58 303 56 
59 59 57 
59 302 57 
60 60 58 
60 301 58 
61 61 59 
61 300 59 
62 62 60 
62 299 60 
63 63 61 
63 298 61 
64 64 62 
64 297 62 
65 65 63 
65 296 63 
66 66 64 
66 295 64 
67 67 65 
67 294 65 
68 68 66 
68 293 66 
69 69 67 
69 292 67 
70 70 68 
70 291 68 
71 71 69 
71 290 69 
72 72 70 
72 289 70 
73 73 71 
73 288 71 
74 74 72 
74 287 72 
75 75 73 
75 286 73 
76 76 74 
76 285 74 
77 77 75 
77 284 75 
78 78 76 
78 283 76 
79 79 77 
79 282 77 
80 80 78 
80 281 78 
81 81 79 
81 280 79 
82 82 80 
82 279 80 
83 83 81 
83 278 81 
84 84 82 
84 277 82 
85 85 83 
85 276 83 
86 86 84 
86 275 84 
87 87 85 
87 274 85 
88 88 86 
88 273 86 
89 89 87 
89 272 87 
90 90 88 
90 271 88 
91 91 89 
91 270 89 
92 92 90 
92 269 90 
93 93 91 
93 268 91 
94 94 92 
94 267 92 
95 95 93 
95 266 93 
96 96 94 
96 265 94 
97 97 95 
97 264 95 
98 98 96 
98 263 96 
99 99 97 
99 262 97 
100 100 98 
100 261 98 
101 101 99 
101 260 99 
102 102 100 
102 259 100 
103 103 101 
103 258 101 
104 104 102 
104 257 102 
105 105 103 
105 256 103 
106 106 104 
106 255 104 
107 107 105 
107 254 105 
108 108 106 
108 253 106 
109 109 107 
109 252 107 
110 110 108 
110 251 108 
111 111 109 
111 250 109 
112 112 110 
112 249 110 
113 113 111 
113 248 111 
114 114 112 
114 247 112 
115 115 113 
115 246 113 
116 116 114 
116 245 114 
117 117 115 
117 244 115 
118 118 116 
118 243 116 
119 119 117 
119 242 117 
120 120 118 
120 241 118 
121 121 119 
121 240 119 
122 122 120 
122 239 120 
123 123 121 
123 238 121 
124 124 122 
124 237 122 
125 125 123 
125 236 123 
126 126 124 
126 235 124 
127 127 125 
127 234 125 
128 128 126 
128 233 126 
129 129 127 
129 232 127 
130 130 128 
130 231 128 
131 131 129 
131 230 129 
132 132 130 
132 229 130 
133 133 131 
133 228 131 
134 134 132 
134 227 132 
135 135 133 
135 226 133 
136 136 134 
136 225 134 
137 137 135 
137 224 135 
138 138 136 
138 223 136 
139 139 137 
139 222 137 
140 140 138 
140 221 138 
141 141 139 
141 220 139 
142 142 140 
142 219 140 
143 143 141 
143 218 141 
144 144 142 
144 217 142 
145 145 143 
145 216 143 
146 145 143 
146 146 144 
146 147 144 
146 148 144 
146 149 144 
146 150 144 
146 151 144 
146 152 144 
146 153 144 
146 154 144 
146 155 144 
146 156 144 
146 157 144 
146 158 144 
146 159 144 
146 160 144 
146 161 144 
146 162 144 
146 163 144 
146 164 144 
146 165 144 
146 166 144 
146 167 144 
146 168 144 
146 169 144 
146 170 144 
146 171 144 
146 172 144 
146 173 144 
146 174 144 
146 215 144 
147 145 143 
147 175 145 
147 176 145 
147 214 145 
148 145 143 
148 177 145 
148 178 145 
148 213 145 
149 144 142 
149 179 144 
149 180 144 
149 212 144 
150 143 141 
150 181 143 
150 182 143 
150 211 143 
151 142 140 
151 183 142 
151 184 142 
151 210 142 
152 141 139 
152 185 141 
152 186 141 
152 209 141 
153 140 138 
153 187 140 
153 188 140 
153 208 141 
154 139 137 
154 189 139 
154 190 139 
154 207 140 
155 138 136 
155 191 139 
155 192 139 
155 206 139 
156 137 135 
156 193 138 
156 194 138 
156 205 138 
157 136 134 
157 195 137 
157 196 137 
157 204 137 
158 135 133 
158 197 136 
158 198 137 
158 203 137 
159 134 132 
159 199 136 
159 200 136 
159 201 136 
159 202 136 
160 133 131 
160 201 135 
161 132 130 
161 201 134 
162 131 129 
162 202 133 
163 130 128 
163 202 132 
164 129 127 
164 203 131 
165 128 126 
165 203 130 
165 204 130 
165 205 129 
165 206 129 
165 207 129 
165 208 129 
165 209 129 
165 210 128 
165 211 128 
165 212 128 
165 213 128 
165 214 128 
165 215 128 
165 216 128 
165 217 127 
165 218 127 
165 219 127 
165 220 127 
165 221 127 
165 222 127 
165 223 127 
165 224 127 
165 225 127 
165 226 127 
165 227 127 
165 228 127 
165 229 127 
165 230 127 
165 231 127 
165 232 126 
165 233 126 
165 234 126 
166 127 125 
166 203 129 
166 235 125 
167 126 124 
167 203 128 
167 236 124 
168 125 123 
168 203 127 
168 237 123 
169 124 122 
169 203 126 
169 238 122 
170 123 121 
170 203 125 
170 239 121 
171 122 120 
171 203 124 
171 240 120 
172 121 119 
172 203 123 
172 241 119 
173 120 118 
173 203 122 
173 242 118 
174 119 117 
174 203 121 
174 243 117 
175 118 116 
175 203 120 
175 244 116 
176 117 115 
176 203 119 
176 245 115 
177 116 114 
177 203 118 
177 246 114 
178 115 113 
178 203 117 
178 247 113 
179 114 112 
179 203 116 
179 248 112 
180 113 111 
180 203 115 
180 249 111 
181 112 110 
181 203 114 
181 250 110 
182 111 109 
182 203 113 
182 251 109 
183 110 108 
183 203 112 
183 252 108 
184 109 107 
184 203 111 
184 253 107 
185 108 106 
185 203 110 
185 254 106 
186 107 105 
186 203 109 
186 255 105 
187 106 104 
187 203 108 
187 256 104 
188 105 103 
188 203 108 
188 257 103 
189 104 102 
189 203 107 
189 258 102 
190 103 101 
190 203 106 
190 259 101 
191 102 100 
191 203 105 
191 260 100 
192 101 99 
192 203 104 
192 261 99 
193 100 98 
193 203 103 
193 262 98 
194 99 97 
194 203 102 
194 263 97 
195 98 96 
195 203 101 
195 264 96 
196 97 95 
196 203 100 
196 265 95 
197 96 94 
197 203 99 
197 266 94 
198 95 93 
198 203 98 
198 267 93 
199 94 92 
199 203 97 
199 268 92 
200 93 91 
200 203 96 
200 269 91 
201 92 90 
201 203 95 
201 270 90 
202 91 89 
202 203 94 
202 271 89 
203 90 88 
203 203 93 
203 272 88 
204 89 87 
204 203 92 
204 273 87 
205 88 86 
205 203 91 
205 274 86 
206 87 85 
206 203 90 
206 275 85 
207 86 84 
207 203 89 
207 276 84 
208 85 83 
208 203 88 
208 277 83 
209 84 82 
209 203 87 
209 278 82 
210 83 81 
210 203 87 
210 279 81 
211 82 80 
211 203 86 
211 280 80 
212 81 79 
212 203 85 
212 281 79 
213 80 78 
213 203 84 
213 282 78 
214 79 77 
214 203 83 
214 283 77 
215 78 76 
215 203 82 
215 284 76 
216 77 75 
216 203 81 
216 285 75 
217 76 74 
217 203 80 
217 286 74 
218 75 73 
218 203 79 
218 287 73 
219 74 72 
219 203 78 
219 288 72 
220 73 71 
220 203 77 
220 289 71 
221 72 70 
221 203 76 
221 290 70 
222 71 69 
222 203 75 
222 291 69 
223 70 68 
223 203 74 
223 292 68 
224 69 67 
224 203 74 
224 293 67 
225 68 66 
225 203 73 
225 294 66 
226 67 65 
226 203 72 
226 295 65 
227 66 64 
227 203 71 
227 296 64 
228 65 63 
228 203 70 
228 297 63 
229 64 62 
229 203 69 
229 298 62 
230 63 61 
230 203 68 
230 299 61 
231 62 60 
231 203 67 
231 300 60 
232 61 59 
232 203 66 
232 301 59 
233 60 58 
233 203 65 
233 302 58 
234 59 57 
234 203 64 
234 303 57 
235 58 56 
235 203 64 
235 304 56 
236 57 55 
236 203 63 
236 305 55 
237 56 54 
237 203 62 
237 306 54 
238 55 53 
238 203 61 
238 307 53 
239 54 52 
239 203 60 
239 308 52 
240 53 51 
240 203 59 
240 309 51 
241 52 50 
241 203 58 
241 310 50 
242 51 49 
242 203 57 
242 311 49 
243 50 48 
243 203 57 
243 312 48 
244 49 47 
244 203 56 
244 313 47 
245 48 46 
245 203 55 
245 314 46 
246 47 45 
246 203 54 
246 315 45 
247 46 44 
247 203 53 
247 316 44 
248 45 43 
248 203 52 
248 317 43 
249 44 42 
249 203 52 
249 318 42 
250 43 41 
250 203 51 
250 319 41 
251 42 40 
251 203 50 
251 320 40 
252 41 39 
252 203 49 
252 321 39 
253 40 38 
253 203 48 
253 322 38 
254 39 37 
254 203 48 
254 323 37 
255 38 36 
255 203 47 
255 324 36 
256 37 35 
256 203 46 
256 325 35 
257 36 34 
257 203 45 
257 326 34 
258 35 33 
258 203 44 
258 327 33 
259 34 32 
259 203 44 
259 328 32 
260 33 31 
260 203 43 
260 329 31 
261 32 30 
261 203 42 
261 330 30 
262 31 29 
262 203 42 
262 331 29 
263 30 28 
263 203 41 
263 332 28 
264 29 27 
264 203 40 
264 333 27 
265 28 26 
265 203 39 
265 334 26 
266 27 25 
266 203 39 
266 335 25 
267 26 24 
267 203 38 
267 336 24 
268 25 23 
268 203 38 
268 337 23 
269 24 22 
269 203 37 
269 338 22 
270 23 21 
270 203 36 
270 339 21 
271 22 20 
271 203 36 
271 340 20 
272 21 19 
272 203 35 
272 341 19 
273 20 18 
273 203 35 
273 342 18 
274 19 17 
274 203 34 
274 343 17 
275 18 16 
275 203 34 
275 344 16 
276 17 15 
276 203 33 
276 345 15 
277 16 14 
277 203 33 
277 346 14 
278 15 13 
278 203 32 
278 347 13 
279 14 12 
279 203 32 
279 348 12 
280 13 11 
280 203 31 
280 349 11 
281 12 10 
281 203 31 
281 350 10 
282 11 9 
282 203 31 
282 351 9 
283 10 8 
283 203 30 
283 352 8 
284 9 7 
284 203 30 
284 353 7 
285 8 6 
285 203 30 
285 354 6 
286 7 5 
286 203 29 
286 355 5 
287 6 4 
287 203 29 
287 356 4 
288 5 3 
288 203 29 
288 357 3 
289 4 2 
289 203 29 
289 358 2 
290 3 1 
290 203 29 
290 359 0 
291 2 0 
291 203 29 
292 203 29 
293 203 28 
294 203 28 
295 203 28 
296 203 28 
297 203 28 
298 203 28 
299 203 28 
300 203 28 
301 203 28 
302 203 28 
303 203 28 
304 203 28 
305 203 28 
306 203 28 
307 203 28 
308 203 28 
309 203 28 
310 203 28 
311 203 28 
312 203 28 
313 203 28 
314 203 28 
315 203 28 
316 203 28 
317 203 28 
318 203 28 
319 203 28 
320 203 28 
321 203 28 
322 203 28 
323 203 28 
324 203 28 
325 203 28 
326 203 28 
327 203 28 
328 203 28 
329 203 28 
330 203 28 
331 203 28 
332 203 28 
333 203 28 
334 203 28 
335 203 28 
336 203 28 
337 203 28 
338 203 28 
339 203 28 
340 203 28 
341 203 28 
342 203 28 
343 203 28 
344 203 28 
345 203 28 
346 203 28 
347 203 28 
348 203 28 
349 203 28 
350 203 28 
351 203 28 
352 203 28 
353 203 28 
354 203 28 
355 203 28 
356 203 28 
357 203 28 
358 203 28 
359 203 28 
360 203 28 
361 203 28 
362 203 28 
363 203 28 
364 203 28 
365 203 28 
366 203 28 
367 203 28 
368 203 28 
369 203 28 
370 203 28 
371 203 28 
372 203 28 
373 203 28 
374 203 28 
375 203 28 
376 203 28 
377 203 28 
378 203 28 
379 203 28 
380 203 28 
381 203 28 
382 203 28 
383 203 28 
384 203 28 
385 203 28 
386 203 28 
387 203 28 
388 203 28 
389 203 28 
390 203 28 
391 203 28 
392 203 28 
393 203 28 
394 203 28 
395 203 28 
396 203 28 
397 203 28 
398 203 28 
399 203 28 
400 203 28 
401 203 28 
402 203 28 
403 203 28 
404 203 28 
405 203 28 
406 203 28 
407 203 28 
408 203 28 
409 203 28 
410 203 28 
411 203 28 
412 203 28 
413 203 28 
414 203 28 
415 203 28 
416 203 28 
417 203 28 
418 203 28 
419 203 28 
420 203 28 
421 203 28 
422 203 28 
423 203 28 
424 203 28 
425 203 28 
426 203 28 
427 203 28 
428 203 28 
429 203 28 
430 203 28 
431 203 28 
432 203 28 
433 203 28 
434 203 28 
435 203 28 
436 203 28 
437 203 28 
438 203 28 
439 203 28 
440 203 28 
441 203 28 
442 203 28 
443 203 28 
444 203 28 
445 203 28 
446 203 28 
447 203 28 
448 203 28 
449 203 28 
450 203 28 
451 203 28 
452 203 28 
453 203 28 
454 203 28 
455 203 28 
456 203 28 
457 203 28 
458 203 28 
459 203 28 
460 203 28 
461 203 28 
462 203 28 
463 203 28 
464 203 28 
465 203 28 
466 203 28 
467 203 28 
468 203 28 
469 203 28 
470 203 28 
471 203 28 
472 203 28 
473 203 28 
474 203 28 
475 203 28 
476 203 28 
477 203 28 
478 203 28 
479 203 28 
480 203 28 
481 203 28 
482 203 28 
483 203 28 
484 203 28 
485 203 28 
486 203 28 
487 203 28 
488 203 28 
489 203 28 
490 203 28 
491 203 28 
492 203 28 
493 203 28 
494 203 28 
495 203 28 
496 203 28 
497 203 28 
498 203 28 
499 203 28 
500 203 28 
501 203 28 
502 203 28 
503 203 28 
504 203 28 
505 203 28 
506 203 28 
507 203 28 
508 203 28 
509 203 28 
510 203 28 
511 203 28 
512 203 28 
513 203 28 
514 203 28 
515 203 28 
516 203 28 
517 203 28 
518 203 28 
519 203 28 
520 203 28 
521 203 28 
522 203 28 
523 203 28 
524 203 28 
525 203 28 
526 203 28 
527 203 28 
528 203 28 
529 203 28 
530 203 28 
531 203 28 
532 203 28 
533 203 28 
534 203 28 
535 203 28 
536 203 28 
537 203 28 
538 203 28 
539 203 28 
540 203 28 
541 203 28 
542 203 28 
543 203 28 
544 203 28 
545 203 28 
546 203 28 
547 203 28 
548 203 28 
549 203 28 
550 203 28 
551 203 28 
552 203 28 
553 203 28 
554 203 28 
555 203 28 
556 203 28 
557 203 28 
558 203 28 
559 203 28 
560 203 28 
561 203 28 
562 203 28 
563 203 28 
564 203 28 
565 203 28 
566 203 28 
567 203 28 
568 203 28 
569 203 28 
570 203 28 
571 203 28 
572 203 28 
573 203 28 
574 203 28 
575 203 28 
576 203 28 
577 203 28 
578 203 28 
579 203 28 
580 203 28 
581 203 28 
582 203 28 
583 203 28 
584 203 28 
585 203 28 
586 203 28 
587 203 28 
588 203 28 
589 203 28 
590 203 28 
591 203 28 
592 203 28 
593 203 28 
594 203 28 
595 203 28 
596 203 28 
597 203 28 
598 203 28 
599 203 28 
600 203 28 
601 203 28 
602 203 28 
603 203 28 
604 203 28 
605 203 28 
606 203 28 
607 203 28 
608 203 28 
609 203 28 
610 203 28 
611 203 28 
612 203 28 
613 203 28 
614 203 28 
615 203 28 
616 203 28 
617 203 28 
618 203 28 
619 203 28 
620 203 28 
621 203 28 
622 203 28 
623 203 28 
624 203 28 
625 203 28 
626 203 28 
627 203 28 
628 203 28 
629 203 28 
630 203 28 
631 203 28 
632 203 28 
633 203 28 
634 203 28 
635 203 28 
636 203 28 
637 203 28 
638 203 28 
639 203 28 
640 203 28 
641 203 28 
642 203 28 
643 203 28 
644 203 28 
645 203 28 
646 203 28 
647 203 28 
648 203 28 
649 203 28 
650 203 28 
651 203 28 
652 203 28 
653 203 28 
654 203 28 
655 203 28 
656 203 28 
657 203 28 
658 203 28 
659 203 28 
660 203 28 
661 203 28 
662 203 28 
663 203 28 
664 203 28 
665 203 28 
666 203 28 
667 203 28 
668 203 28 
669 203 28 
670 203 28 
671 203 28 
672 203 28 
673 203 28 
674 203 28 
675 203 28 
676 203 28 
677 203 28 
678 203 28 
679 203 28 
680 203 28 
681 203 28 
682 203 28 
683 203 28 
684 203 28 
685 203 28 
686 203 28 
687 203 28 
688 203 28 
689 203 28 
690 203 28 
691 203 28 
692 203 28 
693 203 28 
694 203 28 
695 203 28 
696 203 28 
697 203 28 
698 203 28 
699 203 28 
700 203 28 
701 203 28 
702 203 28 
703 203 28 
704 203 28 
705 203 28 
706 203 28 
707 203 28 
708 203 28 
709 203 28 
710 203 28 
711 203 28 
712 203 28 
713 203 28 
714 203 28 
715 203 28 
716 203 28 
717 203 28 
718 203 28 
719 203 28 
720 203 28 
721 203 28 
722 203 28 
723 203 28 
724 203 28 
725 203 28 
726 203 28 
727 203 28 
728 203 28 
729 203 28 
730 203 28 
731 203 28 
732 203 28 
733 203 28 
734 203 28 
735 203 28 
736 203 28 
737 203 28 
738 203 28 
739 203 28 
740 203 28 
741 203 28 
742 203 28 
743 203 28 
744 203 28 
745 203 28 
746 203 28 
747 203 28 
748 203 28 
749 203 28 
750 203 28 
751 203 28 
752 203 28 
753 203 28 
754 203 28 
755 203 28 
756 203 28 
757 203 28 
758 203 28 
759 203 28 
760 203 28 
761 203 28 
762 203 28 
763 203 28 
764 203 28 
765 203 28 
766 203 28 
767 203 28 
768 203 28 
769 203 28 
770 203 28 
771 203 28 
772 203 28 
773 203 28 
774 203 28 
775 203 28 
776 203 28 
777 203 28 
778 203 28 
779 203 28 
780 203 28 
781 203 28 
782 203 28 
783 203 28 
784 203 28 
785 203 28 
786 203 28 
787 203 28 
788 203 28 
789 203 28 
790 203 28 
791 203 28 
792 203 28 
793 203 28 
794 203 28 
795 203 28 
796 203 28 
797 203 28 
798 203 28 
799 203 28 
800 203 28 
801 203 28 
802 203 28 
803 203 28 
804 203 28 
805 203 28 
806 203 28 
807 203 28 
808 203 28 
809 203 28 
810 203 28 
811 203 28 
812 203 28 
813 203 28 
814 203 28 
815 203 28 
816 203 28 
817 203 28 
818 203 28 
819 203 28 
820 203 28 
821 203 28 
822 203 28 
823 203 28 
824 203 28 
825 203 28 
826 203 28 
827 203 28 
828 203 28 
829 203 28 
830 203 28 
831 203 28 
832 203 28 
833 203 28 
834 203 28 
835 203 28 
836 203 28 
837 203 28 
838 203 28 
839 203 28 
840 203 28 
841 203 28 
842 203 28 
843 203 28 
844 203 28 
845 203 28 
846 203 28 
847 203 28 
848 203 28 
849 203 28 
850 203 28 
851 203 28 
852 203 28 
853 203 28 
854 203 28 
855 203 28 
856 203 28 
857 203 28 
858 203 28 
859 203 28 
860 203 28 
861 203 28 
862 203 28 
863 203 28 
864 203 28 
865 203 28 
866 203 28 
867 203 28 
868 203 28 
869 203 28 
870 203 28 
871 203 28 
872 203 28 
873 203 28 
874 203 28 
875 203 28 
876 203 28 
877 203 28 
878 203 28 
879 203 28 
880 203 28 
881 203 28 
882 203 28 
883 203 28 
884 203 28 
885 203 28 
886 203 28 
887 203 28 
888 203 28 
889 203 28 
890 203 28 
891 203 28 
892 203 28 
893 203 28 
894 203 28 
895 203 28 
896 203 28 
897 203 28 
898 203 28 
899 203 28 
900 203 28 
901 203 28 
902 203 28 
903 203 28 
904 203 28 
905 203 28 
906 203 28 
907 203 28 
908 203 28 
909 203 28 
910 203 28 
911 203 28 
912 203 28 
913 203 28 
914 203 28 
915 203 28 
916 203 28 
917 203 28 
918 203 28 
919 203 28 
920 203 28 
921 203 28 
922 203 28 
923 203 28 
924 203 28 
925 203 28 
926 203 28 
927 203 28 
928 203 28 
929 203 28 
930 203 28 
931 203 28 
932 203 28 
933 203 28 
934 203 28 
935 203 28 
936 203 28 
937 203 28 
938 203 28 
939 203 28 
940 203 28 
941 203 28 
942 203 28 
943 203 28 
944 203 28 
945 203 28 
946 203 28 
947 203 28 
948 203 28 
949 203 28 
950 203 28 
951 203 28 
952 203 28 
952 359 0 
953 203 28 
953 358 1 
954 203 29 
954 357 2 
955 2 0 
955 203 29 
955 356 3 
956 3 1 
956 203 29 
956 355 4 
957 4 2 
957 203 29 
957 354 5 
958 5 3 
958 203 29 
958 353 6 
959 6 4 
959 203 29 
959 352 7 
960 7 5 
960 203 29 
960 351 8 
961 8 6 
961 203 30 
961 350 9 
962 9 7 
962 203 30 
962 349 10 
963 10 8 
963 203 30 
963 348 11 
964 11 9 
964 203 31 
964 347 12 
965 12 10 
965 203 31 
965 346 13 
966 13 11 
966 203 31 
966 345 14 
967 14 12 
967 203 32 
967 344 15 
968 15 13 
968 203 32 
968 343 16 
969 16 14 
969 203 33 
969 342 17 
970 17 15 
970 203 33 
970 341 18 
971 18 16 
971 203 34 
971 340 19 
972 19 17 
972 203 34 
972 339 20 
973 20 18 
973 203 35 
973 338 21 
974 21 19 
974 203 35 
974 337 22 
975 22 20 
975 203 36 
975 336 23 
976 23 21 
976 203 37 
976 335 24 
977 24 22 
977 203 37 
977 334 25 
978 25 23 
978 203 38 
978 333 26 
979 26 24 
979 203 39 
979 332 27 
980 27 25 
980 203 39 
980 331 28 
981 28 26 
981 203 40 
981 330 29 
982 29 27 
982 203 41 
982 329 30 
983 30 28 
983 203 42 
983 328 31 
984 31 29 
984 203 42 
984 327 32 
985 32 30 
985 203 43 
985 326 33 
986 33 31 
986 203 44 
986 325 34 
987 34 32 
987 203 44 
987 324 35 
988 35 33 
988 203 45 
988 323 36 
989 36 34 
989 203 46 
989 322 37 
990 37 35 
990 203 47 
990 321 38 
991 38 36 
991 203 47 
991 320 39 
992 39 37 
992 203 48 
992 319 40 
993 40 38 
993 203 49 
993 318 41 
994 41 39 
994 203 50 
994 317 42 
995 42 40 
995 203 50 
995 316 43 
996 43 41 
996 203 51 
996 315 44 
997 44 42 
997 203 52 
997 314 45 
998 45 43 
998 203 53 
998 313 46 
999 46 44 
999 203 54 
999 312 47 
1000 47 45 
1000 203 55 
1000 311 48 
1001 48 46 
1001 203 55 
1001 310 49 
1002 49 47 
1002 203 56 
1002 309 50 
1003 50 48 
1003 203 57 
1003 308 51 
1004 51 49 
1004 203 58 
1004 307 52 
1005 52 50 
1005 203 59 
1005 306 53 
1006 53 51 
1006 203 60 
1006 305 54 
1007 54 52 
1007 203 61 
1007 304 55 
1008 55 53 
1008 203 61 
1008 303 56 
1009 56 54 
1009 203 62 
1009 302 57 
1010 57 55 
1010 203 63 
1010 301 58 
1011 58 56 
1011 203 64 
1011 300 59 
1012 59 57 
1012 203 65 
1012 299 60 
1013 60 58 
1013 203 66 
1013 298 61 
1014 61 59 
1014 203 67 
1014 297 62 
1015 62 60 
1015 203 68 
1015 296 63 
1016 63 61 
1016 203 68 
1016 295 64 
1017 64 62 
1017 203 69 
1017 294 65 
1018 65 63 
1018 203 70 
1018 293 66 
1019 66 64 
1019 203 71 
1019 292 67 
1020 67 65 
1020 203 72 
1020 291 68 
1021 68 66 
1021 203 73 
1021 290 69 
1022 69 67 
1022 203 74 
1022 289 70 
1023 70 68 
1023 203 75 
1023 288 71 
1024 71 69 
1024 203 76 
1024 287 72 
1025 72 70 
1025 203 77 
1025 286 73 
1026 73 71 
1026 203 78 
1026 285 74 
1027 74 72 
1027 203 78 
1027 284 75 
1028 75 73 
1028 203 79 
1028 283 76 
1029 76 74 
1029 203 80 
1029 282 77 
1030 77 75 
1030 203 81 
1030 281 78 
1031 78 76 
1031 203 82 
1031 280 79 
1032 79 77 
1032 203 83 
1032 279 80 
1033 80 78 
1033 203 84 
1033 278 81 
1034 81 79 
1034 203 85 
1034 277 82 
1035 82 80 
1035 203 86 
1035 276 83 
1036 83 81 
1036 203 87 
1036 275 84 
1037 84 82 
1037 203 88 
1037 274 85 
1038 85 83 
1038 203 89 
1038 273 86 
1039 86 84 
1039 203 90 
1039 272 87 
1040 87 85 
1040 203 91 
1040 271 88 
1041 88 86 
1041 203 92 
1041 270 89 
1042 89 87 
1042 203 93 
1042 269 90 
1043 90 88 
1043 203 93 
1043 268 91 
1044 91 89 
1044 203 94 
1044 267 92 
1045 92 90 
1045 203 95 
1045 266 93 
1046 93 91 
1046 203 96 
1046 265 94 
1047 94 92 
1047 203 97 
1047 264 95 
1048 95 93 
1048 203 98 
1048 263 96 
1049 96 94 
1049 203 99 
1049 262 97 
1050 97 95 
1050 203 100 
1050 261 98 
1051 98 96 
1051 203 101 
1051 260 99 
1052 99 97 
1052 203 102 
1052 259 100 
1053 100 98 
1053 203 103 
1053 258 101 
1054 101 99 
1054 203 104 
1054 257 102 
1055 102 100 
1055 203 105 
1055 256 103 
1056 103 101 
1056 203 106 
1056 255 104 
1057 104 102 
1057 203 107 
1057 254 105 
1058 105 103 
1058 203 108 
1058 253 106 
1059 106 104 
1059 203 109 
1059 252 107 
1060 107 105 
1060 203 110 
1060 251 108 
1061 108 106 
1061 203 111 
1061 250 109 
1062 109 107 
1062 203 112 
1062 249 110 
1063 110 108 
1063 203 113 
1063 248 111 
1064 111 109 
1064 203 114 
1064 247 112 
1065 112 110 
1065 203 115 
1065 246 113 
1066 113 111 
1066 203 115 
1066 245 114 
1067 114 112 
1067 203 116 
1067 244 115 
1068 115 113 
1068 203 117 
1068 243 116 
1069 116 114 
1069 203 118 
1069 242 117 
1070 117 115 
1070 203 119 
1070 241 118 
1071 118 116 
1071 203 120 
1071 240 119 
1072 119 117 
1072 203 121 
1072 239 120 
1073 120 118 
1073 203 122 
1073 238 121 
1074 121 119 
1074 203 123 
1074 237 122 
1075 122 120 
1075 203 124 
1075 236 123 
1076 123 121 
1076 203 125 
1076 235 124 
1077 124 122 
1077 203 126 
1077 234 125 
1078 125 123 
1078 204 127 
1078 205 128 
1078 206 128 
1078 207 128 
1078 208 128 
1078 209 129 
1078 210 129 
1078 211 128 
1078 212 128 
1078 213 128 
1078 214 128 
1078 215 128 
1078 216 128 
1078 217 128 
1078 218 127 
1078 219 127 
1078 220 127 
1078 221 127 
1078 222 127 
1078 223 127 
1078 224 127 
1078 225 127 
1078 226 127 
1078 227 127 
1078 228 127 
1078 229 127 
1078 230 127 
1078 231 127 
1078 232 127 
1078 233 126 
1079 126 124 
1079 204 128 
1080 127 125 
1080 204 129 
1081 128 126 
1081 203 130 
1082 129 127 
1082 203 131 
1083 130 128 
1083 200 131 
1083 201 132 
1083 202 132 
1083 203 132 
1083 204 132 
1084 131 129 
1084 198 132 
1084 199 132 
1084 205 133 
1085 132 130 
1085 196 133 
1085 197 133 
1085 206 135 
1086 133 131 
1086 194 133 
1086 195 133 
1086 207 136 
1087 134 132 
1087 192 134 
1087 193 134 
1087 208 137 
1088 135 133 
1088 190 135 
1088 191 135 
1088 209 138 
1089 136 134 
1089 188 135 
1089 189 135 
1089 210 139 
1090 137 135 
1090 186 136 
1090 187 136 
1090 211 140 
1091 138 136 
1091 184 137 
1091 185 137 
1091 212 141 
1092 139 137 
1092 182 138 
1092 183 138 
1092 213 142 
1093 140 138 
1093 180 139 
1093 181 139 
1093 214 143 
1094 141 139 
1094 178 140 
1094 179 140 
1094 215 144 
1095 142 140 
1095 176 141 
1095 177 141 
1095 216 144 
1096 142 140 
1096 143 141 
1096 144 141 
1096 145 141 
1096 146 141 
1096 147 141 
1096 148 141 
1096 149 141 
1096 150 141 
1096 151 141 
1096 152 141 
1096 153 141 
1096 154 141 
1096 155 141 
1096 156 141 
1096 157 141 
1096 158 141 
1096 159 141 
1096 160 141 
1096 161 141 
1096 162 141 
1096 163 141 
1096 164 141 
1096 165 141 
1096 166 141 
1096 167 141 
1096 168 141 
1096 169 141 
1096 170 141 
1096 171 141 
1096 172 141 
1096 173 141 
1096 174 142 
1096 175 142 
1096 217 143 
1097 142 140 
1097 218 142 
1098 142 140 
1098 219 141 
1099 141 139 
1099 220 140 
1100 140 138 
1100 221 139 
1101 139 137 
1101 222 138 
1102 138 136 
1102 223 137 
1103 137 135 
1103 224 136 
1104 136 134 
1104 225 135 
1105 135 133 
1105 226 134 
1106 134 132 
1106 227 133 
1107 133 131 
1107 228 132 
1108 132 130 
1108 229 131 
1109 131 129 
1109 230 130 
1110 130 128 
1110 231 129 
1111 129 127 
1111 232 128 
1112 128 126 
1112 233 127 
1113 127 125 
1113 234 126 
1114 126 124 
1114 235 125 
1115 125 123 
1115 236 124 
1116 124 122 
1116 237 123 
1117 123 121 
1117 238 122 
1118 122 120 
1118 239 121 
1119 121 119 
1119 240 120 
1120 120 118 
1120 241 119 
1121 119 117 
1121 242 118 
1122 118 116 
1122 243 117 
1123 117 115 
1123 244 116 
1124 116 114 
1124 245 115 
1125 115 113 
1125 246 114 
1126 114 112 
1126 247 113 
1127 113 111 
1127 248 112 
1128 112 110 
1128 249 111 
1129 111 109 
1129 250 110 
1130 110 108 
1130 251 109 
1131 109 107 
1131 252 108 
1132 108 106 
1132 253 107 
1133 107 105 
1133 254 106 
1134 106 104 
1134 255 105 
1135 105 103 
1135 256 104 
1136 104 102 
1136 257 103 
1137 103 101 
1137 258 102 
1138 102 100 
1138 259 101 
1139 101 99 
1139 260 100 
1140 100 98 
1140 261 99 
1141 99 97 
1141 262 98 
1142 98 96 
1142 263 97 
1143 97 95 
1143 264 96 
1144 96 94 
1144 265 95 
1145 95 93 
1145 266 94 
1146 94 92 
1146 267 93 
1147 93 91 
1147 268 92 
1148 92 90 
1148 269 91 
1149 91 89 
1149 270 90 
1150 90 88 
1150 271 89 
1151 89 87 
1151 272 88 
1152 88 86 
1152 273 87 
1153 87 85 
1153 274 86 
1154 86 84 
1154 275 85 
1155 85 83 
1155 276 84 
1156 84 82 
1156 277 83 
1157 83 81 
1157 278 82 
1158 82 80 
1158 279 81 
1159 81 79 
1159 280 80 
1160 80 78 
1160 281 79 
1161 79 77 
1161 282 78 
1162 78 76 
1162 283 77 
1163 77 75 
1163 284 76 
1164 76 74 
1164 285 75 
1165 75 73 
1165 286 74 
1166 74 72 
1166 287 73 
1167 73 71 
1167 288 72 
1168 72 70 
1168 289 71 
1169 71 69 
1169 290 70 
1170 70 68 
1170 291 69 
1171 69 67 
1171 292 68 
1172 68 66 
1172 293 67 
1173 67 65 
1173 294 66 
1174 66 64 
1174 295 65 
1175 65 63 
1175 296 64 
1176 64 62 
1176 297 63 
1177 63 61 
1177 298 62 
1178 62 60 
1178 299 61 
1179 61 59 
1179 300 60 
1180 60 58 
1180 301 59 
1181 59 57 
1181 302 58 
1182 58 56 
1182 303 57 
1183 57 55 
1183 304 56 
1184 56 54 
1184 305 55 
1185 55 53 
1185 306 54 
1186 54 52 
1186 307 53 
1187 53 51 
1187 308 52 
1188 52 50 
1188 309 51 
1189 51 49 
1189 310 50 
1190 50 48 
1190 311 49 
1191 49 47 
1191 312 48 
1192 48 46 
1192 313 47 
1193 47 45 
1193 314 46 
1194 46 44 
1194 315 45 
1195 45 43 
1195 316 44 
1196 44 42 
1196 317 43 
1197 43 41 
1197 318 42 
1198 42 40 
1198 319 41 
1199 41 39 
1199 320 40 
1200 40 38 
1200 321 39 
1201 39 37 
1201 322 38 
1202 38 36 
1202 323 37 
1203 37 35 
1203 324 36 
1204 36 34 
1204 325 35 
1205 35 33 
1205 326 34 
1206 34 32 
1206 327 33 
1207 33 31 
1207 328 32 
1208 32 30 
1208 329 31 
1209 31 29 
1209 330 30 
1210 30 28 
1210 331 29 
1211 29 27 
1211 332 28 
1212 28 26 
1212 333 27 
1213 27 25 
1213 334 26 
1214 26 24 
1214 335 25 
1215 25 23 
1215 336 24 
1216 24 22 
1216 337 23 
1217 23 21 
1217 338 22 
1218 22 20 
1218 339 21 
1219 21 19 
1219 340 20 
1220 20 18 
1220 341 19 
1221 19 17 
1221 342 18 
1222 18 16 
1222 343 17 
1223 17 15 
1223 344 16 
1224 16 14 
1224 345 15 
1225 15 13 
1225 346 14 
1226 14 12 
1226 347 13 
1227 13 11 
1227 348 12 
1228 12 10 
1228 349 11 
1229 11 9 
1229 350 10 
1230 10 8 
1230 351 9 
1231 9 7 
1231 352 8 
1232 8 6 
1232 353 7 
1233 7 5 
1233 354 6 
1234 6 4 
1234 355 5 
1235 5 3 
1235 356 4 
1236 4 2 
1236 357 3 
1237 3 1 
1237 358 2 
1238 2 0 
1238 359 0 
