40 40 0
	189 113 40 
		3
			12
				0 189 145 8 
				1 203 142 8 
				0 216 131 8 
				0 221 116 8 
				0 219 100 8 
				1 203 94 8 
				1 191 83 8 
				0 178 82 8 
				0 165 91 8 
				1 163 103 8 
				1 161 124 8 
				0 165 135 8 
			6
				0 189 129 8 
				1 208 126 8 
				0 204 106 8 
				0 191 97 8 
				1 180 105 8 
				1 182 122 8 
			1
				0 189 113 8 
	228 240 42 
		3
			13
				1 225 272 8 
				1 249 265 8 
				0 256 260 8 
				0 262 245 8 
				1 257 230 8 
				0 252 216 8 
				1 238 213 8 
				0 222 206 8 
				1 205 216 8 
				0 197 225 8 
				0 194 241 8 
				1 205 249 8 
				0 209 268 8 
			6
				1 234 254 8 
				0 242 251 8 
				0 245 235 8 
				0 235 223 8 
				1 226 229 8 
				0 210 238 8 
			1
				0 228 240 8 
	61 47 38 
		2
			11
				0 61 77 8 
				0 76 73 8 
				1 89 58 8 
				0 91 46 8 
				0 86 30 8 
				1 66 19 8 
				0 58 17 8 
				1 47 21 8 
				0 33 35 8 
				1 33 56 8 
				0 37 66 8 
			5
				1 52 63 8 
				1 73 47 8 
				0 70 36 8 
				0 55 34 8 
				0 47 49 8 
	141 198 32 
		2
			9
				0 141 222 8 
				0 156 217 8 
				1 164 205 8 
				1 162 187 8 
				0 152 176 8 
				1 136 180 8 
				0 122 183 8 
				0 117 198 8 
				1 126 205 8 
			2
				1 144 201 8 
				0 145 191 8 
	44 161 34 
		2
			10
				1 37 184 8 
				1 62 178 8 
				0 69 170 8 
				0 69 154 8 
				0 60 140 8 
				0 45 135 8 
				0 30 139 8 
				1 22 152 8 
				0 19 167 8 
				0 27 181 8 
			3
				1 32 168 8 
				0 54 159 8 
				1 50 147 8 
	111 256 36 
		2
			10
				0 111 284 8 
				0 126 279 8 
				0 137 267 8 
				1 133 254 8 
				1 130 236 8 
				1 112 235 8 
				0 101 230 8 
				1 92 247 8 
				0 83 255 8 
				0 87 270 8 
			4
				0 111 268 8 
				0 123 257 8 
				0 113 244 8 
				1 108 258 8 
	81 149 37 
		2
			11
				0 81 178 8 
				1 98 167 8 
				0 107 161 8 
				1 108 141 8 
				0 103 131 8 
				0 90 122 8 
				0 74 121 8 
				0 60 129 8 
				0 53 143 8 
				0 54 159 8 
				0 64 172 8 
			4
				1 80 161 8 
				1 88 147 8 
				0 86 137 8 
				1 68 135 8 
	36 206 28 
		2
			7
				1 24 222 8 
				0 51 220 8 
				0 56 204 8 
				1 48 196 8 
				0 33 186 8 
				1 21 193 8 
				0 17 210 8 
			1
				1 37 210 8 
	54 261 34 
		2
			9
				0 54 287 8 
				0 69 282 8 
				1 75 265 8 
				1 74 246 8 
				0 68 240 8 
				0 53 236 8 
				1 40 246 8 
				1 29 258 8 
				0 30 271 8 
			3
				0 54 271 8 
				0 63 257 8 
				0 47 255 8 
	234 119 38 
		2
			11
				0 234 149 8 
				1 252 142 8 
				0 261 134 8 
				0 264 118 8 
				0 260 103 8 
				0 248 92 8 
				1 232 90 8 
				0 217 94 8 
				0 207 106 8 
				0 204 122 8 
				0 209 137 8 
			5
				0 234 133 8 
				1 249 121 8 
				0 244 109 8 
				1 223 106 8 
				0 220 119 8 
	104 32 22 
		1
			5
				1 111 43 8 
				0 117 37 8 
				1 106 23 8 
				0 98 19 8 
				1 91 37 8 
	158 41 27 
		2
			7
				1 155 60 8 
				1 170 48 8 
				0 177 38 8 
				0 169 25 8 
				0 153 22 8 
				1 151 32 8 
				0 140 49 8 
			1
				0 158 41 8 
	97 109 28 
		2
			7
				0 97 129 8 
				0 112 122 8 
				1 116 108 8 
				1 101 95 8 
				0 93 90 8 
				1 86 102 8 
				0 79 115 8 
			1
				0 97 109 8 
	174 281 19 
		1
			3
				1 171 291 8 
				1 179 277 8 
				0 173 270 8 
	191 204 24 
		1
			5
				1 180 215 8 
				0 205 211 8 
				0 204 195 8 
				1 192 199 8 
				0 177 198 8 
	249 34 25 
		2
			6
				0 249 51 8 
				0 263 44 8 
				0 266 28 8 
				1 258 19 8 
				0 238 20 8 
				1 236 43 8 
			1
				0 249 34 8 
	21 86 11 
		1
			1
				1 21 84 8 
	19 110 11 
		1
			1
				1 17 111 8 
	229 25 14 
		1
			1
				1 233 25 8 
	213 22 14 
		1
			1
				1 216 19 8 
	258 190 15 
		1
			1
				1 264 188 8 
	28 130 15 
		1
			1
				1 22 133 8 
	182 164 15 
		1
			1
				1 188 165 8 
	23 23 15 
		1
			1
				1 29 25 8 
	261 288 15 
		1
			1
				1 264 282 8 
	203 24 16 
		1
			1
				1 205 31 8 
	187 29 16 
		1
			2
				0 187 37 8 
				1 187 27 8 
	197 280 16 
		1
			2
				1 195 282 8 
				0 200 272 8 
	134 107 18 
		1
			3
				1 138 116 8 
				0 144 104 8 
				0 129 98 8 
	250 152 20 
		1
			4
				0 250 164 8 
				0 262 153 8 
				0 252 140 8 
				1 240 156 8 
	103 190 20 
		1
			4
				0 103 202 8 
				1 113 189 8 
				0 105 178 8 
				0 92 188 8 
	137 31 20 
		1
			4
				0 137 43 8 
				0 149 32 8 
				0 139 19 8 
				1 128 37 8 
	74 72 21 
		1
			4
				0 74 85 8 
				1 79 77 8 
				0 79 60 8 
				0 63 65 8 
	163 279 21 
		1
			4
				0 163 292 8 
				0 175 281 8 
				0 168 267 8 
				1 153 282 8 
	144 101 21 
		1
			4
				0 144 114 8 
				0 156 104 8 
				1 145 89 8 
				0 134 93 8 
	248 56 25 
		2
			6
				1 245 66 8 
				0 262 66 8 
				0 264 50 8 
				0 252 39 8 
				0 236 44 8 
				0 231 59 8 
			1
				0 248 56 8 
	35 214 27 
		2
			7
				0 35 233 8 
				0 50 226 8 
				1 53 217 8 
				0 45 198 8 
				0 29 196 8 
				0 17 207 8 
				0 18 223 8 
			1
				0 35 214 8 
	162 56 29 
		2
			8
				0 162 77 8 
				1 180 66 8 
				0 183 56 8 
				0 177 41 8 
				0 162 35 8 
				0 147 41 8 
				0 141 56 8 
				0 147 70 8 
			1
				0 162 56 8 
	80 138 30 
		2
			8
				0 80 160 8 
				0 95 154 8 
				0 102 139 8 
				0 96 124 8 
				1 76 119 8 
				0 67 121 8 
				0 59 135 8 
				0 62 150 8 
			1
				0 80 138 8 
	38 272 30 
		2
			8
				0 38 294 8 
				1 47 292 8 
				0 60 274 8 
				0 55 258 8 
				0 42 250 8 
				0 26 254 8 
				0 17 267 8 
				0 19 283 8 
			1
				0 38 272 8 
