30 30 0
	211 245 62 
		4
			21
				1 209 292 8 
				0 227 297 8 
				1 240 283 8 
				0 253 279 8 
				1 257 269 8 
				0 265 250 8 
				0 264 234 8 
				0 259 219 8 
				0 249 206 8 
				1 239 201 8 
				1 222 192 8 
				1 202 198 8 
				0 189 195 8 
				1 175 211 8 
				0 165 216 8 
				1 162 230 8 
				0 157 246 8 
				0 159 262 8 
				0 167 276 8 
				1 179 281 8 
				1 192 294 8 
			14
				0 211 283 8 
				1 221 276 8 
				0 240 271 8 
				1 247 251 8 
				0 249 241 8 
				1 246 232 8 
				1 226 218 8 
				0 218 207 8 
				0 202 208 8 
				0 188 214 8 
				0 177 227 8 
				0 173 242 8 
				1 168 254 8 
				1 186 263 8 
			8
				1 205 267 8 
				1 232 260 8 
				0 233 247 8 
				1 229 237 8 
				0 216 223 8 
				0 200 226 8 
				1 185 232 8 
				1 192 247 8 
			1
				1 213 237 8 
	170 142 51 
		3
			16
				0 170 185 8 
				1 190 175 8 
				0 199 173 8 
				0 209 161 8 
				1 209 138 8 
				0 211 129 8 
				0 203 115 8 
				0 191 105 8 
				1 178 101 8 
				0 160 100 8 
				0 146 107 8 
				0 134 118 8 
				0 128 133 8 
				0 128 149 8 
				1 135 166 8 
				0 144 176 8 
			10
				1 168 169 8 
				0 185 164 8 
				1 196 155 8 
				1 193 131 8 
				0 188 122 8 
				1 166 113 8 
				0 158 118 8 
				0 146 129 8 
				1 151 146 8 
				0 150 160 8 
			3
				1 168 148 8 
				0 181 141 8 
				0 169 131 8 
	266 216 59 
		4
			19
				1 272 263 8 
				0 282 264 8 
				0 296 257 8 
				1 303 249 8 
				0 314 231 8 
				0 317 215 8 
				0 314 200 8 
				1 307 191 8 
				0 295 174 8 
				1 284 169 8 
				0 265 165 8 
				0 249 168 8 
				0 235 176 8 
				0 224 188 8 
				0 217 202 8 
				0 215 218 8 
				0 219 234 8 
				0 226 248 8 
				0 238 258 8 
			13
				0 266 251 8 
				1 282 246 8 
				0 294 237 8 
				1 305 221 8 
				1 291 202 8 
				0 291 192 8 
				1 276 185 8 
				0 262 182 8 
				0 247 187 8 
				0 236 199 8 
				0 231 214 8 
				0 234 230 8 
				0 244 243 8 
			7
				0 266 235 8 
				0 280 228 8 
				0 284 212 8 
				0 275 199 8 
				0 259 199 8 
				0 248 211 8 
				0 251 226 8 
			1
				1 269 210 8 
	104 236 40 
		2
			12
				0 104 268 8 
				1 120 257 8 
				0 131 253 8 
				1 134 244 8 
				0 133 222 8 
				1 126 214 8 
				0 107 204 8 
				1 97 210 8 
				1 82 216 8 
				0 72 231 8 
				1 79 246 8 
				1 87 262 8 
			5
				0 104 252 8 
				0 118 244 8 
				0 118 228 8 
				1 109 222 8 
				0 90 228 8 
	298 144 43 
		3
			13
				0 298 179 8 
				1 312 174 8 
				0 326 166 8 
				0 333 151 8 
				1 329 130 8 
				0 325 121 8 
				1 313 113 8 
				0 296 109 8 
				1 281 113 8 
				1 271 126 8 
				0 263 139 8 
				0 264 154 8 
				0 272 168 8 
			7
				0 298 163 8 
				0 313 157 8 
				1 322 151 8 
				0 309 128 8 
				0 293 125 8 
				0 281 135 8 
				0 280 151 8 
			1
				1 293 139 8 
	143 88 28 
		2
			7
				0 143 108 8 
				1 150 97 8 
				1 162 81 8 
				0 157 73 8 
				0 142 68 8 
				1 131 81 8 
				1 132 98 8 
			1
				0 143 88 8 
	129 245 45 
		3
			14
				0 129 282 8 
				0 145 279 8 
				1 155 270 8 
				0 165 255 8 
				0 166 239 8 
				0 160 224 8 
				1 145 218 8 
				0 133 208 8 
				0 117 210 8 
				0 103 218 8 
				0 94 231 8 
				0 92 247 8 
				0 96 263 8 
				1 106 273 8 
			8
				0 129 266 8 
				0 144 260 8 
				1 150 252 8 
				0 144 231 8 
				0 130 224 8 
				0 115 229 8 
				0 108 244 8 
				0 113 259 8 
			1
				0 129 245 8 
	182 320 28 
		2
			7
				0 182 340 8 
				0 197 334 8 
				1 193 317 8 
				0 195 305 8 
				1 173 302 8 
				0 166 308 8 
				1 163 319 8 
			1
				0 182 320 8 
	180 160 42 
		3
			13
				1 174 193 8 
				0 196 190 8 
				0 208 179 8 
				1 207 168 8 
				0 212 149 8 
				0 203 135 8 
				0 189 127 8 
				0 173 127 8 
				0 159 134 8 
				0 149 147 8 
				0 146 163 8 
				0 151 178 8 
				1 158 185 8 
			6
				0 180 178 8 
				0 194 171 8 
				0 197 155 8 
				0 186 143 8 
				0 170 145 8 
				0 162 159 8 
			1
				0 180 160 8 
	153 346 20 
		1
			4
				0 153 358 8 
				1 164 346 8 
				0 154 334 8 
				1 146 338 8 
	332 232 23 
		1
			5
				0 332 247 8 
				0 346 239 8 
				0 344 223 8 
				1 333 218 8 
				1 320 234 8 
	301 260 26 
		2
			6
				1 306 272 8 
				0 315 271 8 
				1 318 255 8 
				0 308 243 8 
				0 292 244 8 
				0 283 258 8 
			1
				0 301 260 8 
	110 281 27 
		2
			7
				0 110 300 8 
				1 121 295 8 
				0 129 278 8 
				0 119 265 8 
				0 104 263 8 
				0 92 275 8 
				1 92 284 8 
			1
				0 110 281 8 
	321 157 30 
		2
			8
				1 328 178 8 
				0 336 174 8 
				1 341 160 8 
				0 339 144 8 
				0 326 135 8 
				0 310 137 8 
				0 300 150 8 
				0 300 166 8 
			1
				0 321 157 8 
	212 296 32 
		2
			9
				1 210 320 8 
				1 229 312 8 
				0 236 301 8 
				0 234 286 8 
				0 223 274 8 
				0 207 272 8 
				0 193 281 8 
				0 188 296 8 
				0 193 311 8 
			2
				0 212 304 8 
				0 216 289 8 
	59 250 10 
		1
			1
				1 58 248 8 
	321 273 11 
		1
			1
				1 323 272 8 
	107 190 12 
		1
			1
				1 110 192 8 
	347 217 13 
		1
			1
				1 350 219 8 
	132 62 14 
		1
			1
				1 137 65 8 
	56 211 14 
		1
			1
				1 51 214 8 
	121 149 15 
		1
			1
				1 127 152 8 
	212 101 15 
		1
			1
				1 206 100 8 
	361 217 17 
		1
			3
				1 367 224 8 
				0 369 212 8 
				0 353 212 8 
	215 136 19 
		1
			3
				0 215 147 8 
				1 225 141 8 
				0 215 125 8 
	308 103 24 
		2
			6
				0 308 119 8 
				0 322 111 8 
				1 323 97 8 
				0 309 87 8 
				0 294 94 8 
				0 294 110 8 
			1
				0 308 103 8 
	274 130 27 
		2
			7
				0 274 149 8 
				0 289 142 8 
				0 293 127 8 
				0 284 114 8 
				0 268 112 8 
				0 256 122 8 
				1 256 136 8 
			1
				0 274 130 8 
	208 188 42 
		3
			13
				0 208 222 8 
				0 224 218 8 
				0 236 207 8 
				0 241 193 8 
				0 240 177 8 
				0 231 163 8 
				0 217 155 8 
				0 201 155 8 
				0 187 162 8 
				0 177 175 8 
				0 174 191 8 
				0 179 206 8 
				0 191 217 8 
			6
				0 208 206 8 
				0 222 199 8 
				1 228 175 8 
				0 214 171 8 
				0 198 173 8 
				0 190 187 8 
			1
				0 208 188 8 
	273 191 44 
		3
			13
				0 273 227 8 
				0 289 223 8 
				0 301 213 8 
				0 308 199 8 
				0 308 183 8 
				0 301 168 8 
				0 288 159 8 
				0 273 155 8 
				1 257 159 8 
				0 245 169 8 
				0 238 184 8 
				0 238 200 8 
				0 245 214 8 
			7
				0 273 211 8 
				0 288 204 8 
				0 293 189 8 
				0 285 175 8 
				0 269 171 8 
				0 256 180 8 
				0 254 196 8 
			1
				0 273 191 8 
	159 257 45 
		3
			14
				1 156 294 8 
				0 175 291 8 
				0 187 281 8 
				0 195 267 8 
				0 196 251 8 
				0 190 236 8 
				0 178 225 8 
				0 163 220 8 
				0 147 222 8 
				0 134 230 8 
				0 124 243 8 
				0 122 259 8 
				0 126 274 8 
				0 136 286 8 
			8
				0 159 278 8 
				0 174 272 8 
				0 180 258 8 
				0 175 243 8 
				0 160 236 8 
				0 145 241 8 
				0 138 255 8 
				0 143 270 8 
			1
				0 159 257 8 
