45 21 24
	352 311 34 
		2
			11
				0 352 338 7 
				1 363 335 7 
				0 375 324 7 
				0 379 311 7 
				0 375 297 7 
				1 367 290 7 
				0 352 284 7 
				1 339 293 7 
				0 328 298 7 
				0 325 311 7 
				1 338 324 7 
			5
				0 352 324 7 
				0 364 316 7 
				0 362 303 7 
				0 348 299 7 
				0 339 309 7 
	55 66 31 
		2
			10
				1 47 84 7 
				0 68 86 7 
				0 77 75 7 
				1 77 57 7 
				0 72 49 7 
				0 59 42 7 
				0 45 44 7 
				0 35 53 7 
				0 31 67 7 
				0 35 80 7 
			4
				0 55 76 7 
				0 65 66 7 
				1 49 57 7 
				0 45 65 7 
	323 184 34 
		2
			11
				0 323 211 7 
				0 337 207 7 
				0 346 197 7 
				0 350 183 7 
				0 345 170 7 
				1 330 160 7 
				0 321 158 7 
				0 308 162 7 
				0 299 173 7 
				0 297 186 7 
				0 301 200 7 
			5
				0 323 197 7 
				1 337 190 7 
				0 332 175 7 
				0 318 173 7 
				1 310 188 7 
	331 365 27 
		2
			8
				1 329 378 7 
				0 344 380 7 
				0 351 368 7 
				1 349 357 7 
				0 336 346 7 
				0 322 347 7 
				0 313 357 7 
				0 312 371 7 
			1
				0 331 365 7 
	183 283 28 
		2
			9
				0 183 304 7 
				0 196 299 7 
				0 203 287 7 
				0 201 273 7 
				1 194 266 7 
				0 176 264 7 
				0 165 272 7 
				1 168 291 7 
				0 169 298 7 
			1
				0 183 283 7 
	351 109 30 
		2
			10
				0 351 132 7 
				0 364 128 7 
				0 373 116 7 
				0 373 102 7 
				0 365 91 7 
				1 358 89 7 
				0 339 90 7 
				0 330 101 7 
				0 329 115 7 
				0 336 126 7 
			3
				1 353 119 7 
				0 360 107 7 
				0 347 101 7 
	172 80 32 
		2
			11
				0 172 105 7 
				0 185 101 7 
				0 195 91 7 
				0 197 77 7 
				0 192 64 7 
				1 174 55 7 
				0 166 55 7 
				0 154 62 7 
				0 147 74 7 
				0 148 88 7 
				1 158 96 7 
			4
				0 172 91 7 
				0 183 83 7 
				0 177 70 7 
				0 163 73 7 
	48 163 18 
		1
			4
				0 48 174 7 
				1 57 159 7 
				0 51 153 7 
				0 38 158 7 
	85 313 19 
		1
			4
				0 85 325 7 
				0 96 316 7 
				0 92 303 7 
				1 74 313 7 
	245 367 19 
		1
			5
				0 245 379 7 
				1 254 374 7 
				0 253 358 7 
				0 239 357 7 
				0 233 370 7 
	350 231 19 
		1
			5
				0 350 243 7 
				0 361 235 7 
				0 358 222 7 
				1 350 219 7 
				0 338 234 7 
	49 264 19 
		1
			5
				0 49 276 7 
				1 61 262 7 
				0 57 255 7 
				0 43 253 7 
				0 37 266 7 
	171 237 19 
		1
			5
				0 171 249 7 
				0 182 241 7 
				0 179 228 7 
				1 169 226 7 
				0 159 239 7 
	246 304 20 
		1
			5
				0 246 317 7 
				0 258 309 7 
				1 253 294 7 
				0 242 292 7 
				0 233 302 7 
	136 281 20 
		1
			5
				0 136 294 7 
				0 148 286 7 
				0 146 273 7 
				0 133 268 7 
				1 124 277 7 
	202 182 22 
		2
			6
				0 202 197 7 
				1 215 185 7 
				0 216 176 7 
				0 205 167 7 
				0 192 171 7 
				0 187 184 7 
			1
				0 202 182 7 
	303 63 22 
		2
			6
				0 303 78 7 
				0 315 71 7 
				0 317 57 7 
				0 306 48 7 
				1 298 56 7 
				0 288 65 7 
			1
				0 303 63 7 
	240 140 23 
		2
			6
				0 240 156 7 
				0 253 149 7 
				0 255 136 7 
				0 246 125 7 
				0 232 127 7 
				1 226 147 7 
			1
				0 240 140 7 
	172 315 23 
		2
			7
				0 172 331 7 
				0 185 325 7 
				1 187 315 7 
				0 179 301 7 
				0 165 300 7 
				0 156 311 7 
				0 159 325 7 
			1
				0 172 315 7 
	302 117 26 
		2
			8
				0 302 136 7 
				1 316 130 7 
				0 321 119 7 
				0 318 105 7 
				0 306 98 7 
				0 292 100 7 
				0 283 112 7 
				0 285 126 7 
			1
				0 302 117 7 
	60 355 27 
		2
			8
				0 60 375 7 
				0 73 370 7 
				0 80 358 7 
				0 77 345 7 
				0 66 336 7 
				0 52 336 7 
				1 51 348 7 
				0 40 359 7 
			1
				0 60 355 7 
	155 86 38 
		3
			13
				0 155 117 7 
				0 169 113 7 
				0 179 105 7 
				0 185 92 7 
				1 185 81 7 
				0 178 65 7 
				0 166 57 7 
				0 152 55 7 
				1 139 60 7 
				0 129 70 7 
				0 125 83 7 
				1 128 94 7 
				0 134 108 7 
			7
				0 155 103 7 
				0 168 97 7 
				0 171 83 7 
				0 164 72 7 
				0 150 70 7 
				0 139 80 7 
				0 140 94 7 
			1
				0 155 86 7 
	290 100 23 
		2
			6
				1 292 111 7 
				0 303 110 7 
				0 305 96 7 
				0 296 85 7 
				1 283 86 7 
				0 274 98 7 
			1
				0 290 100 7 
	77 116 27 
		2
			8
				0 77 136 7 
				1 94 126 7 
				0 97 119 7 
				0 94 105 7 
				0 83 97 7 
				1 67 104 7 
				0 59 107 7 
				0 57 121 7 
			1
				0 77 116 7 
	111 235 29 
		2
			9
				0 111 257 7 
				0 124 253 7 
				1 132 240 7 
				0 132 227 7 
				0 123 216 7 
				0 109 213 7 
				0 96 218 7 
				1 95 227 7 
				0 91 244 7 
			3
				0 111 243 7 
				0 118 231 7 
				0 104 231 7 
	344 72 29 
		2
			9
				0 344 94 7 
				0 357 90 7 
				0 365 78 7 
				1 363 61 7 
				0 356 53 7 
				0 342 50 7 
				1 329 59 7 
				0 322 67 7 
				0 324 81 7 
			3
				0 344 80 7 
				0 351 68 7 
				0 337 68 7 
	62 363 30 
		2
			10
				0 62 386 7 
				0 75 382 7 
				1 81 376 7 
				0 85 357 7 
				0 77 345 7 
				0 64 340 7 
				0 51 342 7 
				0 41 353 7 
				0 39 366 7 
				1 48 376 7 
			3
				0 62 372 7 
				0 71 362 7 
				0 60 354 7 
	260 271 31 
		2
			10
				0 260 295 7 
				0 273 291 7 
				1 281 283 7 
				0 284 267 7 
				0 278 254 7 
				0 266 247 7 
				0 252 248 7 
				1 243 255 7 
				0 236 270 7 
				0 239 283 7 
			4
				0 260 281 7 
				0 270 272 7 
				0 262 261 7 
				0 250 268 7 
	321 263 16 
		1
			3
				0 321 272 7 
				1 328 267 7 
				0 316 256 7 
	274 201 17 
		1
			3
				0 274 211 7 
				1 281 206 7 
				0 273 192 7 
	196 382 17 
		1
			4
				0 196 392 7 
				0 206 382 7 
				0 196 372 7 
				1 189 377 7 
	45 311 17 
		1
			4
				1 49 319 7 
				0 55 312 7 
				0 46 301 7 
				0 35 309 7 
	229 220 17 
		1
			4
				0 229 230 7 
				0 239 221 7 
				1 226 210 7 
				0 219 217 7 
	261 53 18 
		1
			4
				0 261 64 7 
				1 269 57 7 
				0 265 43 7 
				0 252 47 7 
	126 187 18 
		1
			4
				0 126 198 7 
				0 137 189 7 
				1 129 177 7 
				0 117 181 7 
	312 344 19 
		1
			4
				0 312 356 7 
				1 323 345 7 
				0 319 334 7 
				0 305 335 7 
	231 100 19 
		1
			5
				1 226 111 7 
				0 242 104 7 
				0 239 91 7 
				0 225 89 7 
				0 219 102 7 
	219 349 19 
		1
			5
				0 219 361 7 
				0 230 353 7 
				0 227 340 7 
				1 213 339 7 
				0 207 351 7 
	130 327 20 
		1
			5
				0 130 340 7 
				0 142 332 7 
				0 139 318 7 
				0 126 315 7 
				1 118 328 7 
	272 147 20 
		1
			5
				0 272 160 7 
				1 284 149 7 
				0 282 139 7 
				0 269 134 7 
				0 259 145 7 
	146 378 20 
		1
			5
				0 146 391 7 
				0 158 384 7 
				0 156 370 7 
				1 148 366 7 
				0 133 375 7 
	156 144 20 
		1
			5
				0 156 157 7 
				0 168 150 7 
				1 163 134 7 
				0 154 131 7 
				0 143 140 7 
	188 156 21 
		2
			6
				0 188 170 7 
				1 195 167 7 
				0 200 149 7 
				0 188 142 7 
				0 176 149 7 
				0 176 163 7 
			1
				0 188 156 7 
	59 194 21 
		2
			6
				0 59 208 7 
				0 71 201 7 
				1 70 187 7 
				0 59 180 7 
				0 47 187 7 
				0 47 201 7 
			1
				0 59 194 7 
	270 320 22 
		2
			6
				0 270 335 7 
				0 282 329 7 
				0 285 315 7 
				0 275 305 7 
				0 261 308 7 
				0 255 320 7 
			1
				1 273 322 7 
