833 
2 71 0 
2 232 0 
3 72 1 
3 231 1 
4 73 2 
4 230 2 
5 74 3 
5 229 3 
6 75 4 
6 228 4 
7 76 5 
7 227 5 
8 77 6 
8 226 6 
9 78 7 
9 225 7 
10 79 8 
10 224 8 
11 80 9 
11 223 9 
12 81 10 
12 222 10 
13 82 11 
13 221 11 
14 83 12 
14 220 12 
15 84 13 
15 219 13 
16 85 14 
16 218 14 
17 86 15 
17 217 15 
18 87 16 
18 216 16 
19 88 17 
19 215 17 
20 89 18 
20 214 18 
21 90 19 
21 213 19 
22 91 20 
22 212 20 
23 92 21 
23 211 21 
24 93 22 
24 210 22 
25 94 23 
25 209 23 
26 95 24 
26 208 24 
27 96 25 
27 207 25 
28 97 26 
28 206 26 
29 98 27 
29 205 27 
30 99 28 
30 204 28 
31 100 29 
31 203 29 
32 101 30 
32 202 30 
33 102 31 
33 201 31 
34 103 32 
34 200 32 
35 104 33 
35 199 33 
36 105 34 
36 198 34 
37 106 35 
37 197 35 
38 107 36 
38 196 36 
39 108 37 
39 195 37 
40 109 38 
40 194 38 
41 110 39 
41 193 39 
42 111 40 
42 192 40 
43 112 41 
43 191 41 
44 113 42 
44 190 42 
45 114 43 
45 189 43 
46 115 44 
46 188 44 
47 116 45 
47 187 45 
48 117 46 
48 186 46 
49 118 47 
49 185 47 
50 119 47 
50 184 48 
51 120 47 
51 183 49 
52 120 46 
52 182 50 
53 120 45 
53 121 45 
53 122 46 
53 123 46 
53 124 46 
53 181 50 
54 118 43 
54 119 43 
54 125 46 
54 126 46 
54 127 47 
54 180 50 
55 116 41 
55 117 42 
55 128 46 
55 129 47 
55 130 47 
55 179 50 
56 114 39 
56 115 40 
56 131 47 
56 132 47 
56 178 50 
57 112 38 
57 113 38 
57 133 47 
57 134 47 
57 177 49 
58 109 36 
58 110 36 
58 111 36 
58 135 47 
58 136 47 
58 176 49 
59 107 34 
59 108 34 
59 137 47 
59 138 47 
59 175 49 
60 105 32 
60 106 33 
60 139 47 
60 140 47 
60 174 49 
61 104 31 
61 141 47 
61 142 48 
61 173 49 
62 102 29 
62 103 30 
62 143 47 
62 144 48 
62 172 48 
63 100 27 
63 101 28 
63 145 47 
63 146 48 
63 171 48 
64 98 26 
64 99 26 
64 147 48 
64 148 48 
64 170 48 
65 96 24 
65 97 25 
65 149 48 
65 150 49 
65 169 48 
66 94 22 
66 95 23 
66 151 48 
66 152 49 
66 168 48 
67 93 21 
67 153 49 
67 154 49 
67 165 49 
67 166 48 
67 167 48 
67 168 47 
68 91 19 
68 92 20 
68 155 49 
68 156 49 
68 163 49 
68 164 49 
68 169 45 
68 170 45 
68 171 44 
68 172 44 
68 173 43 
68 174 42 
68 175 42 
68 176 41 
68 177 40 
68 178 40 
68 179 39 
68 180 39 
68 181 38 
68 182 38 
68 183 37 
68 184 36 
68 185 36 
68 186 35 
68 187 35 
68 188 34 
68 189 33 
68 190 33 
68 191 32 
68 192 32 
69 89 18 
69 90 18 
69 157 49 
69 158 50 
69 161 50 
69 162 49 
69 193 30 
69 194 30 
69 195 29 
69 196 28 
69 197 28 
70 87 16 
70 88 16 
70 159 50 
70 160 50 
70 198 26 
70 199 26 
70 200 25 
70 201 25 
70 202 24 
71 86 15 
71 159 49 
71 203 22 
71 204 22 
71 205 21 
71 206 20 
72 84 13 
72 85 13 
72 159 48 
72 207 19 
72 208 19 
72 209 18 
72 210 17 
73 82 11 
73 83 12 
73 159 47 
73 211 16 
73 212 15 
73 213 15 
73 214 14 
74 80 9 
74 81 10 
74 159 46 
74 215 13 
74 216 12 
74 217 11 
74 218 11 
74 219 10 
75 79 8 
75 159 45 
75 220 9 
75 221 8 
75 222 8 
75 223 7 
75 224 6 
76 77 6 
76 78 7 
76 159 45 
76 225 5 
76 226 5 
76 227 4 
76 228 3 
76 229 3 
76 230 2 
76 231 1 
76 232 0 
77 75 4 
77 76 5 
77 159 44 
78 74 3 
78 159 43 
79 73 2 
79 159 42 
80 72 1 
80 159 42 
81 159 41 
82 159 40 
83 159 39 
84 159 39 
85 159 38 
86 159 37 
87 159 37 
88 159 36 
89 159 35 
90 159 34 
91 159 34 
92 159 33 
93 159 32 
94 159 32 
95 159 31 
96 159 30 
97 159 30 
98 159 29 
99 159 29 
100 159 28 
101 159 28 
102 159 27 
103 159 27 
104 159 26 
105 159 25 
106 159 25 
107 159 24 
108 159 23 
109 159 22 
110 159 22 
111 159 21 
112 159 20 
113 159 20 
114 159 19 
115 159 19 
116 159 18 
117 158 18 
118 158 18 
119 158 17 
120 158 17 
121 158 16 
122 157 17 
123 157 16 
124 157 16 
125 157 15 
126 156 16 
127 156 15 
128 156 15 
129 156 14 
130 156 14 
131 155 14 
132 155 14 
133 155 14 
134 155 14 
135 154 13 
136 154 13 
137 154 13 
138 154 13 
139 154 13 
140 153 13 
141 153 13 
142 153 13 
143 153 13 
144 152 13 
145 152 13 
146 152 13 
147 152 13 
148 152 13 
149 151 13 
150 151 13 
151 151 13 
152 151 13 
153 151 13 
154 150 13 
155 150 13 
156 150 13 
157 150 13 
158 149 13 
159 149 13 
160 149 13 
161 149 13 
162 149 14 
163 149 14 
164 149 14 
165 148 13 
166 148 14 
167 148 14 
168 148 14 
169 147 14 
170 147 14 
171 147 14 
172 147 14 
173 147 15 
174 147 15 
175 147 15 
176 147 15 
177 147 15 
178 146 15 
179 146 15 
180 146 15 
181 146 15 
182 146 16 
183 146 16 
184 145 15 
185 145 15 
186 145 16 
187 145 16 
188 144 16 
189 144 16 
190 143 16 
191 143 16 
192 143 17 
193 143 17 
194 142 17 
195 142 17 
196 142 17 
197 142 18 
198 141 17 
199 141 18 
200 141 18 
201 141 19 
202 140 18 
203 140 19 
204 140 19 
205 140 20 
206 140 20 
207 140 21 
208 140 21 
209 140 22 
210 140 22 
211 140 22 
212 140 23 
213 140 23 
214 140 24 
215 140 24 
216 140 25 
217 140 25 
218 140 25 
219 141 25 
220 141 26 
221 141 26 
222 141 27 
223 142 26 
224 142 27 
225 142 27 
226 142 28 
227 142 28 
228 143 28 
229 143 29 
230 143 29 
231 144 29 
232 144 29 
233 144 30 
234 145 30 
235 145 30 
236 145 31 
237 146 30 
238 146 31 
239 147 31 
240 147 31 
241 147 32 
242 148 31 
243 148 32 
244 149 32 
245 149 32 
246 149 32 
247 150 32 
248 150 32 
249 150 31 
250 150 31 
251 151 31 
252 151 31 
253 152 31 
254 152 31 
255 152 30 
256 152 30 
257 153 30 
258 153 30 
259 153 30 
260 153 29 
261 154 29 
262 154 29 
263 154 28 
264 154 28 
265 154 27 
266 154 27 
267 155 27 
268 155 26 
269 155 25 
270 155 25 
271 155 24 
272 155 24 
273 156 24 
274 156 24 
275 156 23 
276 156 22 
277 156 22 
278 157 22 
279 157 22 
280 157 22 
281 157 21 
282 157 21 
283 158 21 
284 158 21 
285 158 20 
286 158 20 
287 159 20 
288 159 20 
289 159 19 
290 159 18 
291 159 18 
292 159 17 
293 159 17 
294 159 16 
295 159 16 
296 159 15 
297 159 15 
298 158 16 
299 158 16 
300 157 15 
301 157 16 
302 156 15 
303 156 15 
304 155 14 
305 155 14 
306 154 14 
307 154 14 
308 154 15 
309 153 14 
310 153 15 
311 151 14 
311 152 15 
311 153 15 
311 154 16 
312 149 13 
312 150 14 
312 155 17 
313 148 13 
313 156 16 
313 157 15 
313 158 15 
314 147 13 
314 159 13 
314 160 13 
315 146 13 
315 161 12 
315 162 11 
316 145 14 
316 163 10 
317 144 14 
317 164 9 
317 165 8 
318 143 14 
318 166 7 
319 142 14 
319 167 5 
320 141 14 
320 168 4 
321 140 14 
321 169 3 
322 139 13 
323 138 13 
324 136 14 
324 137 13 
325 135 14 
326 134 15 
327 71 0 
327 132 16 
327 133 15 
328 72 1 
328 73 2 
328 131 17 
329 74 3 
329 130 18 
330 75 4 
330 128 19 
330 129 19 
330 228 3 
330 229 2 
330 230 1 
330 231 1 
330 232 0 
331 76 5 
331 77 6 
331 127 20 
331 225 5 
331 226 5 
331 227 4 
332 78 7 
332 126 21 
332 222 8 
332 223 8 
332 224 7 
333 79 8 
333 80 9 
333 126 21 
333 220 10 
333 221 9 
334 81 10 
334 126 21 
334 218 12 
334 219 11 
335 82 11 
335 126 22 
335 217 13 
336 83 12 
336 84 13 
336 126 22 
336 215 15 
336 216 15 
337 85 14 
337 126 22 
337 214 17 
338 86 15 
338 87 16 
338 126 22 
338 213 18 
339 88 17 
339 126 22 
339 212 19 
340 89 18 
340 126 22 
340 211 21 
341 90 19 
341 91 20 
341 126 23 
341 210 22 
342 92 21 
342 126 23 
342 209 23 
343 93 22 
343 126 23 
343 208 24 
344 94 23 
344 95 24 
344 126 24 
344 207 25 
345 96 25 
345 126 24 
345 206 26 
346 97 26 
346 98 26 
346 126 25 
346 205 26 
347 99 28 
347 126 25 
347 204 27 
348 100 29 
348 126 26 
348 203 28 
349 101 30 
349 102 30 
349 126 26 
349 202 28 
350 103 32 
350 126 27 
350 201 29 
351 104 33 
351 105 33 
351 126 28 
351 200 29 
352 106 34 
352 126 28 
352 200 30 
353 107 36 
353 126 29 
353 199 30 
354 108 37 
354 109 37 
354 126 29 
354 198 31 
355 110 38 
355 126 30 
355 197 31 
356 111 40 
356 112 40 
356 121 35 
356 122 34 
356 123 33 
356 124 32 
356 125 32 
356 126 31 
356 197 32 
357 113 41 
357 114 41 
357 115 40 
357 116 39 
357 117 38 
357 118 38 
357 119 37 
357 120 36 
357 127 31 
357 196 33 
358 113 42 
358 128 31 
358 129 30 
358 195 33 
359 113 42 
359 130 31 
359 131 30 
359 194 34 
360 112 41 
360 132 31 
360 133 30 
360 194 35 
361 111 40 
361 134 30 
361 135 30 
361 193 35 
362 110 39 
362 136 31 
362 137 30 
362 190 35 
362 191 35 
362 192 36 
362 193 36 
363 109 38 
363 138 31 
363 139 31 
363 186 34 
363 187 35 
363 188 35 
363 189 35 
363 194 37 
364 108 37 
364 140 31 
364 141 31 
364 181 34 
364 182 34 
364 183 34 
364 184 35 
364 185 35 
364 195 38 
365 107 36 
365 142 32 
365 143 32 
365 177 33 
365 178 34 
365 179 34 
365 180 34 
365 196 37 
366 106 35 
366 144 33 
366 145 33 
366 171 33 
366 172 33 
366 173 33 
366 174 34 
366 175 34 
366 176 34 
366 197 36 
367 105 34 
367 146 34 
367 147 33 
367 148 33 
367 149 33 
367 150 33 
367 151 33 
367 152 33 
367 153 33 
367 154 33 
367 155 33 
367 156 33 
367 157 33 
367 158 33 
367 159 33 
367 160 33 
367 161 33 
367 162 33 
367 163 33 
367 164 33 
367 165 33 
367 166 34 
367 167 34 
367 168 34 
367 169 34 
367 170 34 
367 198 35 
368 104 33 
368 199 34 
369 103 32 
369 200 33 
370 102 31 
370 201 32 
371 101 30 
371 202 31 
372 100 29 
372 203 30 
373 99 28 
373 204 29 
374 98 27 
374 205 28 
375 97 26 
375 206 27 
376 96 25 
376 207 26 
377 95 24 
377 208 25 
378 94 23 
378 209 24 
379 93 22 
379 210 23 
380 92 21 
380 211 22 
381 91 20 
381 212 21 
382 90 19 
382 213 20 
383 89 18 
383 214 19 
384 88 17 
384 215 18 
385 87 16 
385 216 17 
386 86 15 
386 217 16 
387 85 14 
387 218 15 
388 84 13 
388 219 14 
389 83 12 
389 220 13 
390 82 11 
390 221 12 
391 81 10 
391 222 11 
392 80 9 
392 223 10 
393 79 8 
393 224 9 
394 78 7 
394 225 8 
395 77 6 
395 226 7 
396 76 5 
396 227 6 
397 75 4 
397 228 5 
398 74 3 
398 229 4 
399 73 2 
399 230 3 
400 72 1 
400 231 2 
401 71 0 
401 232 0 
