7948 
159 265 0 
160 265 1 
161 263 0 
161 264 1 
161 265 2 
161 271 1 
161 272 0 
162 266 3 
162 270 3 
163 266 3 
163 269 4 
164 266 3 
164 267 4 
164 268 5 
165 262 0 
165 263 0 
165 264 1 
165 265 2 
165 266 3 
165 267 4 
165 268 5 
165 275 1 
166 268 6 
166 274 2 
167 268 6 
167 273 4 
168 269 7 
168 272 5 
169 270 7 
169 271 6 
170 271 7 
171 271 8 
172 271 8 
173 271 8 
174 272 8 
175 273 8 
176 274 9 
177 275 9 
177 343 0 
178 276 9 
178 343 0 
179 276 10 
179 344 2 
180 277 10 
180 344 2 
181 277 10 
181 344 3 
181 348 3 
181 349 3 
181 350 2 
181 351 1 
181 352 0 
182 278 10 
182 345 4 
182 346 5 
182 347 5 
183 279 10 
183 345 5 
184 279 11 
184 345 5 
185 280 11 
185 323 0 
185 345 6 
186 280 12 
186 322 1 
186 344 6 
187 280 13 
187 322 2 
187 344 7 
188 280 14 
188 321 4 
188 322 3 
188 323 2 
188 324 1 
188 325 0 
188 343 7 
189 280 14 
189 320 5 
189 343 8 
190 280 15 
190 319 6 
190 343 8 
191 281 16 
191 319 7 
191 343 9 
192 282 16 
192 319 8 
192 343 10 
193 282 17 
193 319 8 
193 343 10 
193 344 11 
193 345 10 
193 346 9 
193 347 8 
193 348 7 
193 349 6 
193 350 5 
193 351 5 
193 352 4 
193 353 3 
193 354 3 
193 355 2 
193 356 1 
194 283 18 
194 319 8 
194 342 10 
195 283 19 
195 319 9 
195 342 11 
196 283 19 
196 319 9 
196 341 11 
197 284 20 
197 319 10 
197 340 11 
198 284 19 
198 319 10 
198 340 12 
199 285 20 
199 319 11 
199 340 13 
200 286 21 
200 287 22 
200 319 12 
200 339 13 
200 421 0 
201 288 23 
201 289 24 
201 319 13 
201 339 13 
201 412 0 
201 420 1 
202 290 25 
202 319 13 
202 339 14 
202 413 1 
202 420 1 
203 291 26 
203 319 14 
203 339 15 
203 413 2 
203 419 2 
203 420 1 
203 421 0 
203 422 0 
204 292 26 
204 319 15 
204 339 16 
204 414 3 
204 418 4 
205 293 27 
205 319 16 
205 339 17 
205 360 0 
205 415 5 
205 416 5 
205 417 5 
206 294 28 
206 295 29 
206 319 17 
206 339 17 
206 340 18 
206 341 18 
206 342 17 
206 343 16 
206 344 15 
206 345 14 
206 346 13 
206 347 12 
206 348 11 
206 349 10 
206 350 9 
206 351 8 
206 352 7 
206 353 6 
206 354 5 
206 355 5 
206 356 4 
206 357 3 
206 358 3 
206 359 2 
206 415 5 
207 296 30 
207 319 17 
207 338 18 
207 415 5 
208 297 31 
208 319 18 
208 337 18 
208 415 6 
209 298 32 
209 319 19 
209 337 19 
209 415 7 
210 299 33 
210 319 20 
210 336 20 
210 414 7 
210 415 7 
210 416 6 
210 417 5 
210 418 4 
210 419 3 
210 420 2 
210 421 1 
210 422 0 
211 300 33 
211 319 21 
211 336 21 
211 413 7 
212 301 33 
212 319 22 
212 335 21 
212 412 7 
213 302 33 
213 319 23 
213 334 22 
213 412 8 
214 302 34 
214 319 24 
214 334 23 
214 411 8 
215 303 34 
215 319 25 
215 333 24 
215 411 9 
216 303 34 
216 319 26 
216 333 25 
216 391 0 
216 410 9 
217 304 34 
217 319 27 
217 332 26 
217 391 1 
217 410 10 
218 304 35 
218 319 28 
218 332 27 
218 391 2 
218 409 10 
219 262 0 
219 263 0 
219 264 1 
219 265 2 
219 266 3 
219 267 4 
219 268 5 
219 269 6 
219 270 7 
219 271 8 
219 272 9 
219 273 9 
219 274 10 
219 275 11 
219 276 12 
219 277 13 
219 278 14 
219 279 15 
219 280 16 
219 281 17 
219 282 18 
219 283 19 
219 284 19 
219 285 20 
219 286 21 
219 287 22 
219 288 23 
219 289 24 
219 290 25 
219 291 26 
219 292 27 
219 293 28 
219 294 29 
219 295 30 
219 296 31 
219 297 32 
219 298 33 
219 299 34 
219 300 35 
219 301 36 
219 302 37 
219 303 37 
219 304 36 
219 319 29 
219 331 28 
219 386 0 
219 391 3 
219 408 11 
220 305 36 
220 319 30 
220 331 29 
220 387 1 
220 391 3 
220 408 12 
221 306 36 
221 319 31 
221 330 30 
221 388 2 
221 391 4 
221 407 13 
222 307 37 
222 319 32 
222 329 30 
222 388 2 
222 389 3 
222 390 4 
222 391 5 
222 407 13 
223 308 37 
223 319 33 
223 328 31 
223 384 0 
223 385 1 
223 388 3 
223 391 6 
223 407 14 
224 309 37 
224 319 33 
224 328 32 
224 386 2 
224 387 3 
224 391 6 
224 407 14 
224 408 13 
224 409 12 
224 410 11 
224 411 10 
224 412 9 
224 413 8 
224 414 7 
224 415 6 
224 416 5 
224 417 4 
224 418 3 
224 419 2 
224 420 1 
224 421 0 
224 422 0 
225 310 38 
225 319 34 
225 327 33 
225 392 7 
225 406 15 
226 310 39 
226 319 35 
226 326 35 
226 393 9 
226 405 15 
227 310 39 
227 319 36 
227 325 36 
227 394 10 
227 404 15 
228 311 40 
228 319 37 
228 324 37 
228 395 11 
228 404 16 
229 312 40 
229 319 38 
229 323 38 
229 396 13 
229 404 17 
230 313 41 
230 319 39 
230 323 39 
230 397 14 
230 404 17 
230 426 0 
231 314 42 
231 315 41 
231 316 41 
231 317 41 
231 318 41 
231 319 40 
231 320 40 
231 321 40 
231 322 40 
231 323 39 
231 324 38 
231 325 37 
231 326 36 
231 327 35 
231 328 34 
231 329 33 
231 330 32 
231 331 31 
231 332 30 
231 333 29 
231 334 28 
231 335 27 
231 336 26 
231 337 25 
231 338 24 
231 339 23 
231 340 22 
231 341 21 
231 342 20 
231 343 19 
231 344 18 
231 345 17 
231 346 16 
231 347 15 
231 348 14 
231 349 13 
231 350 13 
231 351 12 
231 352 11 
231 353 10 
231 354 9 
231 355 8 
231 356 7 
231 357 6 
231 358 5 
231 359 5 
231 360 4 
231 361 3 
231 362 3 
231 363 2 
231 364 1 
231 398 15 
231 404 18 
231 405 18 
231 406 17 
231 407 16 
231 408 15 
231 409 14 
231 410 14 
231 411 13 
231 412 12 
231 413 11 
231 414 10 
231 415 9 
231 416 8 
231 417 7 
231 418 6 
231 419 5 
231 420 5 
231 421 4 
231 422 3 
231 423 3 
231 424 2 
231 425 1 
232 314 43 
232 376 0 
232 399 17 
232 403 19 
233 314 44 
233 376 1 
233 400 18 
233 401 19 
233 402 19 
234 314 44 
234 376 2 
234 401 19 
235 314 45 
235 376 3 
235 401 20 
236 314 46 
236 376 3 
236 401 20 
237 315 47 
237 376 4 
237 400 20 
238 316 47 
238 376 5 
238 400 20 
239 317 46 
239 376 6 
239 400 21 
240 317 47 
240 376 7 
240 398 20 
240 399 20 
240 400 21 
240 401 22 
240 402 22 
240 403 21 
240 404 20 
240 405 19 
240 406 18 
240 407 17 
240 408 16 
240 409 15 
240 410 14 
240 411 13 
240 412 12 
240 413 11 
240 414 10 
240 415 9 
240 416 8 
240 417 7 
240 418 6 
240 419 5 
240 420 5 
240 421 4 
240 422 3 
240 423 3 
240 424 2 
240 425 1 
240 426 0 
241 317 47 
241 376 8 
241 397 20 
242 266 0 
242 267 0 
242 268 1 
242 269 2 
242 270 3 
242 271 4 
242 272 5 
242 273 6 
242 274 7 
242 275 8 
242 276 9 
242 277 10 
242 278 11 
242 279 12 
242 280 13 
242 281 14 
242 282 15 
242 283 16 
242 284 17 
242 285 18 
242 286 19 
242 287 20 
242 288 21 
242 289 22 
242 290 23 
242 291 24 
242 292 25 
242 293 26 
242 294 27 
242 295 28 
242 296 29 
242 297 30 
242 298 31 
242 299 32 
242 300 33 
242 301 34 
242 302 35 
242 303 36 
242 304 37 
242 305 38 
242 306 39 
242 307 40 
242 308 41 
242 309 42 
242 310 43 
242 311 44 
242 312 45 
242 313 46 
242 314 47 
242 315 48 
242 316 48 
242 317 47 
242 318 46 
242 376 8 
242 396 20 
243 319 46 
243 376 9 
243 395 20 
244 319 46 
244 376 10 
244 395 20 
245 320 46 
245 376 10 
245 394 20 
246 320 46 
246 376 11 
246 394 21 
247 234 0 
247 320 47 
247 376 12 
247 394 22 
248 235 1 
248 320 47 
248 376 13 
248 394 23 
249 236 2 
249 320 47 
249 376 14 
249 392 22 
249 393 23 
249 394 23 
249 395 24 
249 396 25 
249 397 25 
249 398 24 
249 399 23 
249 400 22 
249 401 21 
249 402 20 
249 403 19 
249 404 18 
249 405 17 
249 406 16 
249 407 15 
249 408 14 
249 409 13 
249 410 12 
249 411 11 
249 412 10 
249 413 9 
249 414 8 
249 415 7 
249 416 6 
249 417 5 
249 418 4 
249 419 3 
249 420 2 
249 421 1 
249 422 0 
250 237 3 
250 320 48 
250 376 15 
250 391 22 
251 238 4 
251 320 48 
251 376 16 
251 391 23 
252 238 4 
252 320 49 
252 376 17 
252 390 24 
253 238 4 
253 320 49 
253 376 18 
253 390 25 
254 239 5 
254 320 50 
254 376 19 
254 389 25 
255 201 0 
255 240 6 
255 320 50 
255 376 19 
255 389 26 
256 202 1 
256 241 7 
256 320 51 
256 376 20 
256 389 27 
257 203 2 
257 242 8 
257 320 51 
257 376 21 
257 387 27 
257 388 27 
257 389 28 
257 390 28 
257 391 29 
257 392 28 
257 393 27 
257 394 26 
257 395 25 
257 396 24 
257 397 23 
257 398 22 
257 399 21 
257 400 20 
257 401 19 
257 402 18 
257 403 17 
257 404 16 
257 405 15 
257 406 14 
257 407 13 
257 408 12 
257 409 11 
257 410 10 
257 411 9 
257 412 8 
257 413 7 
257 414 6 
257 415 5 
257 416 4 
257 417 3 
257 418 3 
257 419 2 
257 420 1 
257 421 0 
258 116 0 
258 204 3 
258 210 3 
258 211 3 
258 212 2 
258 213 1 
258 214 0 
258 243 8 
258 320 52 
258 376 22 
258 386 27 
259 117 1 
259 205 4 
259 209 5 
259 244 9 
259 320 52 
259 376 23 
259 386 28 
260 118 2 
260 206 6 
260 207 6 
260 208 6 
260 245 9 
260 246 10 
260 320 53 
260 376 24 
260 386 29 
261 119 3 
261 206 6 
261 247 10 
261 320 53 
261 376 25 
261 386 29 
262 120 4 
262 206 6 
262 248 11 
262 249 12 
262 320 54 
262 376 26 
262 386 30 
263 121 5 
263 206 7 
263 250 13 
263 320 54 
263 376 27 
263 386 31 
264 122 6 
264 206 8 
264 251 14 
264 320 55 
264 376 28 
264 386 32 
264 423 3 
265 123 7 
265 205 8 
265 252 14 
265 320 55 
265 376 29 
265 386 33 
265 422 4 
266 124 8 
266 205 8 
266 253 15 
266 320 56 
266 376 30 
266 386 34 
266 421 5 
267 125 9 
267 205 9 
267 254 15 
267 255 16 
267 320 57 
267 376 31 
267 385 34 
267 386 34 
267 387 33 
267 388 32 
267 389 31 
267 390 30 
267 391 29 
267 392 28 
267 393 27 
267 394 26 
267 395 25 
267 396 25 
267 397 24 
267 398 23 
267 399 22 
267 400 21 
267 401 20 
267 402 19 
267 403 18 
267 404 17 
267 405 16 
267 406 15 
267 407 14 
267 408 14 
267 409 13 
267 410 12 
267 411 11 
267 412 10 
267 413 10 
267 414 9 
267 415 8 
267 416 8 
267 417 7 
267 418 7 
267 419 6 
267 420 5 
267 421 5 
268 126 10 
268 205 10 
268 256 17 
268 320 57 
268 376 32 
268 384 35 
268 422 3 
268 423 3 
268 424 2 
268 425 1 
268 426 0 
269 127 9 
269 205 10 
269 257 17 
269 258 18 
269 320 58 
269 376 33 
269 383 35 
270 49 0 
270 127 10 
270 205 11 
270 259 18 
270 320 58 
270 376 34 
270 382 36 
271 37 1 
271 48 1 
271 128 10 
271 188 2 
271 189 3 
271 205 12 
271 260 19 
271 320 59 
271 376 35 
271 381 36 
272 38 2 
272 48 2 
272 128 10 
272 190 4 
272 205 12 
272 261 19 
272 262 20 
272 320 60 
272 376 36 
272 380 37 
273 39 3 
273 48 3 
273 128 11 
273 191 5 
273 205 13 
273 263 21 
273 264 22 
273 265 23 
273 266 24 
273 267 25 
273 268 25 
273 269 25 
273 270 25 
273 271 26 
273 272 26 
273 273 26 
273 274 27 
273 275 27 
273 276 28 
273 277 28 
273 278 29 
273 279 29 
273 280 30 
273 281 30 
273 282 31 
273 283 32 
273 284 32 
273 285 33 
273 286 34 
273 287 34 
273 288 35 
273 289 36 
273 290 37 
273 291 37 
273 292 38 
273 293 39 
273 294 39 
273 295 40 
273 296 41 
273 297 42 
273 298 43 
273 299 43 
273 300 44 
273 301 45 
273 302 46 
273 303 47 
273 304 47 
273 305 48 
273 306 49 
273 307 50 
273 308 51 
273 309 52 
273 310 52 
273 311 53 
273 312 54 
273 313 55 
273 314 56 
273 315 57 
273 316 58 
273 317 59 
273 318 60 
273 319 60 
273 320 60 
273 321 59 
273 376 37 
273 380 38 
274 40 4 
274 48 3 
274 57 0 
274 129 11 
274 157 1 
274 185 0 
274 186 0 
274 192 6 
274 205 13 
274 322 59 
274 376 38 
274 380 39 
275 41 5 
275 48 4 
275 56 1 
275 129 12 
275 156 2 
275 187 2 
275 188 3 
275 192 7 
275 205 14 
275 323 59 
275 376 39 
275 377 39 
275 378 39 
275 379 40 
275 380 39 
276 41 5 
276 42 5 
276 43 6 
276 44 7 
276 48 5 
276 56 2 
276 129 13 
276 155 4 
276 189 4 
276 190 5 
276 191 6 
276 192 7 
276 205 14 
276 324 59 
276 376 40 
276 381 38 
276 382 37 
276 383 36 
276 384 35 
276 385 34 
276 386 34 
276 387 33 
276 388 32 
276 389 31 
276 390 30 
276 391 29 
276 392 28 
276 393 27 
276 394 26 
276 395 25 
276 396 24 
276 397 23 
276 398 22 
276 399 21 
276 400 20 
276 401 19 
276 402 18 
276 403 17 
276 404 16 
276 405 15 
276 406 14 
276 407 13 
276 408 12 
276 409 11 
276 410 10 
276 411 9 
276 412 8 
276 413 7 
276 414 6 
276 415 5 
276 416 5 
276 417 4 
276 418 3 
276 419 3 
276 420 2 
276 421 1 
276 422 0 
277 39 3 
277 40 4 
277 45 7 
277 48 5 
277 56 3 
277 129 13 
277 154 5 
277 182 0 
277 193 8 
277 205 15 
277 324 60 
277 376 41 
278 38 2 
278 46 7 
278 47 7 
278 48 6 
278 56 3 
278 129 14 
278 153 6 
278 161 1 
278 183 1 
278 194 9 
278 195 10 
278 205 15 
278 325 60 
278 375 42 
278 511 0 
278 522 0 
279 48 7 
279 56 4 
279 129 15 
279 152 8 
279 160 2 
279 184 2 
279 196 12 
279 205 16 
279 325 61 
279 373 43 
279 374 43 
279 511 1 
279 521 1 
280 48 7 
280 56 5 
280 129 15 
280 152 9 
280 159 4 
280 185 3 
280 197 13 
280 205 17 
280 326 61 
280 372 44 
280 512 2 
280 520 2 
281 49 7 
281 56 5 
281 129 16 
281 152 9 
281 158 5 
281 186 5 
281 198 14 
281 205 17 
281 228 2 
281 229 1 
281 230 0 
281 327 61 
281 372 44 
281 512 3 
281 519 3 
282 50 7 
282 51 8 
282 52 8 
282 56 6 
282 129 17 
282 152 10 
282 157 6 
282 187 6 
282 199 16 
282 205 18 
282 227 3 
282 328 61 
282 371 44 
282 501 0 
282 512 4 
282 518 4 
283 53 8 
283 56 7 
283 129 18 
283 152 10 
283 156 8 
283 188 7 
283 200 17 
283 205 19 
283 206 18 
283 207 17 
283 208 16 
283 209 15 
283 210 15 
283 211 14 
283 212 13 
283 213 13 
283 214 12 
283 215 11 
283 216 10 
283 217 10 
283 218 9 
283 219 8 
283 220 8 
283 221 7 
283 222 7 
283 223 6 
283 224 6 
283 225 5 
283 226 5 
283 329 61 
283 371 44 
283 502 1 
283 512 5 
283 517 6 
284 54 8 
284 55 9 
284 56 8 
284 129 18 
284 152 11 
284 155 9 
284 189 9 
284 201 19 
284 204 20 
284 329 62 
284 370 45 
284 502 2 
284 512 5 
284 513 6 
284 514 7 
284 515 7 
284 516 6 
285 56 9 
285 129 19 
285 152 12 
285 153 11 
285 154 10 
285 190 10 
285 202 20 
285 203 21 
285 330 62 
285 369 46 
285 495 0 
285 503 3 
285 512 6 
286 56 8 
286 129 20 
286 152 13 
286 191 11 
286 202 20 
286 330 63 
286 369 45 
286 495 0 
286 503 4 
286 512 7 
287 57 8 
287 58 9 
287 129 20 
287 152 13 
287 192 13 
287 202 21 
287 331 63 
287 332 62 
287 333 62 
287 334 61 
287 335 60 
287 336 60 
287 337 59 
287 338 59 
287 339 58 
287 340 58 
287 341 57 
287 342 57 
287 343 56 
287 344 56 
287 345 56 
287 346 55 
287 347 55 
287 348 54 
287 349 54 
287 350 54 
287 351 53 
287 352 53 
287 353 53 
287 354 52 
287 355 52 
287 356 52 
287 357 52 
287 358 51 
287 359 51 
287 360 51 
287 361 51 
287 362 51 
287 363 51 
287 364 50 
287 365 49 
287 366 48 
287 367 47 
287 368 46 
287 369 45 
287 496 2 
287 503 5 
287 511 7 
288 59 9 
288 129 21 
288 152 14 
288 193 14 
288 202 22 
288 331 64 
288 370 44 
288 371 43 
288 372 42 
288 373 41 
288 374 40 
288 375 39 
288 376 38 
288 377 37 
288 378 36 
288 379 35 
288 380 34 
288 381 33 
288 382 32 
288 383 31 
288 384 30 
288 385 29 
288 386 28 
288 387 27 
288 388 26 
288 389 25 
288 390 25 
288 391 24 
288 392 23 
288 393 22 
288 394 21 
288 395 20 
288 396 19 
288 397 18 
288 398 17 
288 399 16 
288 400 15 
288 401 14 
288 402 14 
288 403 13 
288 404 12 
288 405 11 
288 406 10 
288 407 9 
288 408 9 
288 409 8 
288 410 7 
288 411 6 
288 412 5 
288 413 5 
288 414 4 
288 415 3 
288 416 2 
288 417 1 
288 418 0 
288 496 3 
288 503 5 
288 510 8 
289 60 9 
289 129 22 
289 152 15 
289 194 15 
289 201 22 
289 331 64 
289 416 1 
289 496 3 
289 503 6 
289 510 9 
290 61 9 
290 62 10 
290 63 10 
290 129 22 
290 152 15 
290 195 17 
290 201 22 
290 331 65 
290 416 1 
290 496 4 
290 503 7 
290 509 10 
291 64 11 
291 129 23 
291 152 16 
291 196 18 
291 201 22 
291 331 65 
291 417 0 
291 496 5 
291 503 8 
291 508 10 
292 65 11 
292 66 12 
292 67 13 
292 129 24 
292 152 17 
292 197 20 
292 201 23 
292 257 9 
292 258 10 
292 259 10 
292 260 11 
292 261 11 
292 262 12 
292 263 13 
292 264 13 
292 265 14 
292 266 15 
292 267 15 
292 268 16 
292 269 17 
292 270 17 
292 271 18 
292 272 19 
292 273 20 
292 274 20 
292 275 21 
292 276 22 
292 277 22 
292 278 23 
292 279 24 
292 280 25 
292 281 25 
292 282 26 
292 283 27 
292 284 27 
292 285 28 
292 286 29 
292 287 29 
292 288 30 
292 289 31 
292 290 32 
292 291 32 
292 292 33 
292 293 34 
292 294 35 
292 295 35 
292 296 36 
292 297 37 
292 298 38 
292 299 39 
292 300 39 
292 301 40 
292 302 41 
292 303 42 
292 304 42 
292 305 43 
292 306 44 
292 307 45 
292 308 45 
292 309 46 
292 310 47 
292 311 48 
292 312 49 
292 313 50 
292 314 50 
292 315 51 
292 316 52 
292 317 53 
292 318 54 
292 319 55 
292 320 56 
292 321 56 
292 322 57 
292 323 58 
292 324 59 
292 325 60 
292 326 61 
292 327 62 
292 328 62 
292 329 63 
292 330 64 
292 331 65 
292 496 5 
292 503 9 
292 507 10 
293 65 10 
293 68 13 
293 69 13 
293 129 25 
293 152 17 
293 198 21 
293 199 22 
293 200 23 
293 249 3 
293 250 4 
293 251 4 
293 252 5 
293 253 5 
293 254 6 
293 255 7 
293 256 8 
293 331 64 
293 496 6 
293 503 9 
293 504 10 
293 505 10 
293 506 10 
293 507 9 
294 54 1 
294 55 2 
294 56 3 
294 57 3 
294 58 4 
294 59 5 
294 60 6 
294 61 7 
294 62 8 
294 63 8 
294 64 9 
294 70 14 
294 71 14 
294 129 25 
294 152 18 
294 200 23 
294 248 1 
294 254 5 
294 332 65 
294 333 65 
294 334 66 
294 335 66 
294 336 66 
294 337 65 
294 338 65 
294 339 64 
294 340 64 
294 341 64 
294 342 63 
294 343 63 
294 344 62 
294 345 62 
294 346 62 
294 347 61 
294 348 61 
294 349 61 
294 350 60 
294 351 60 
294 352 60 
294 353 59 
294 354 58 
294 355 57 
294 356 56 
294 357 55 
294 358 54 
294 359 53 
294 360 52 
294 361 51 
294 362 51 
294 363 50 
294 364 49 
294 365 48 
294 366 47 
294 367 46 
294 368 45 
294 369 44 
294 370 43 
294 371 42 
294 372 41 
294 373 40 
294 374 39 
294 375 38 
294 376 37 
294 377 36 
294 378 35 
294 379 34 
294 380 33 
294 381 32 
294 382 31 
294 383 30 
294 384 29 
294 385 28 
294 386 27 
294 387 26 
294 388 26 
294 389 25 
294 390 24 
294 391 23 
294 392 22 
294 393 21 
294 394 20 
294 395 19 
294 396 18 
294 397 17 
294 398 16 
294 399 15 
294 400 14 
294 401 13 
294 402 12 
294 403 11 
294 404 10 
294 405 9 
294 406 8 
294 407 7 
294 408 6 
294 409 5 
294 410 4 
294 411 3 
294 412 2 
294 413 1 
294 414 0 
294 496 7 
294 503 10 
294 508 8 
294 509 7 
294 510 6 
294 511 5 
294 512 5 
294 513 4 
294 514 3 
294 515 3 
294 516 2 
294 517 1 
294 518 0 
295 53 0 
295 59 5 
295 72 15 
295 73 16 
295 129 26 
295 152 19 
295 200 24 
295 247 0 
295 254 5 
295 332 64 
295 473 0 
295 496 8 
295 503 11 
296 59 4 
296 74 16 
296 75 17 
296 129 27 
296 152 20 
296 200 25 
296 253 4 
296 332 64 
296 473 1 
296 496 8 
296 502 11 
297 58 3 
297 76 17 
297 77 18 
297 129 27 
297 152 20 
297 200 25 
297 252 2 
297 332 63 
297 466 0 
297 473 2 
297 496 9 
297 501 12 
298 57 2 
298 78 18 
298 79 19 
298 129 28 
298 152 21 
298 200 26 
298 251 1 
298 332 63 
298 466 0 
298 473 3 
298 496 10 
298 497 10 
298 498 11 
298 499 12 
298 500 13 
299 80 19 
299 129 29 
299 152 22 
299 200 27 
299 244 1 
299 245 0 
299 246 0 
299 333 63 
299 467 2 
299 473 3 
299 496 10 
300 81 19 
300 129 29 
300 152 22 
300 200 27 
300 243 3 
300 333 63 
300 467 3 
300 473 4 
300 496 11 
301 82 19 
301 129 30 
301 152 23 
301 200 28 
301 242 4 
301 334 63 
301 454 0 
301 467 3 
301 473 5 
301 496 12 
302 83 19 
302 129 31 
302 152 24 
302 200 29 
302 242 5 
302 334 63 
302 454 1 
302 467 4 
302 473 6 
302 495 13 
303 84 19 
303 85 20 
303 86 21 
303 129 32 
303 152 25 
303 200 30 
303 242 5 
303 335 63 
303 454 2 
303 467 5 
303 473 7 
303 495 13 
304 87 22 
304 88 22 
304 129 32 
304 152 25 
304 200 30 
304 242 6 
304 248 1 
304 335 63 
304 454 3 
304 467 5 
304 473 8 
304 494 14 
305 89 23 
305 90 24 
305 129 33 
305 152 26 
305 200 31 
305 242 6 
305 247 2 
305 335 62 
305 454 3 
305 467 6 
305 473 9 
305 493 15 
306 91 24 
306 129 34 
306 152 27 
306 200 32 
306 242 7 
306 246 4 
306 335 62 
306 454 4 
306 467 7 
306 473 10 
306 493 15 
307 92 25 
307 93 25 
307 129 35 
307 152 28 
307 200 33 
307 242 8 
307 246 4 
307 252 0 
307 336 62 
307 454 5 
307 467 8 
307 473 11 
307 493 15 
308 94 25 
308 129 35 
308 152 29 
308 200 34 
308 241 9 
308 242 8 
308 243 7 
308 244 6 
308 245 5 
308 246 5 
308 247 4 
308 248 3 
308 249 3 
308 250 2 
308 251 1 
308 336 62 
308 454 6 
308 467 9 
308 473 12 
308 492 15 
309 95 25 
309 96 26 
309 97 27 
309 129 36 
309 152 29 
309 200 34 
309 240 10 
309 337 62 
309 454 7 
309 467 9 
309 473 13 
309 492 14 
310 98 27 
310 99 27 
310 129 37 
310 152 30 
310 200 35 
310 239 12 
310 337 62 
310 454 8 
310 467 10 
310 473 14 
310 489 17 
310 490 16 
310 491 15 
311 100 27 
311 129 38 
311 152 31 
311 200 36 
311 238 13 
311 337 61 
311 443 1 
311 454 9 
311 467 11 
311 473 15 
311 487 18 
311 488 17 
312 101 27 
312 102 28 
312 129 39 
312 152 32 
312 200 37 
312 237 14 
312 338 62 
312 444 3 
312 445 4 
312 454 10 
312 467 12 
312 473 15 
312 486 19 
313 103 28 
313 129 40 
313 152 33 
313 200 37 
313 236 16 
313 338 61 
313 446 5 
313 454 10 
313 467 13 
313 473 16 
313 483 20 
313 484 20 
313 485 20 
314 104 28 
314 129 40 
314 152 34 
314 200 38 
314 236 16 
314 339 62 
314 447 6 
314 454 11 
314 467 14 
314 473 17 
314 482 20 
315 104 27 
315 129 41 
315 152 34 
315 200 39 
315 236 17 
315 339 62 
315 438 0 
315 448 8 
315 454 12 
315 467 15 
315 473 18 
315 481 21 
316 105 28 
316 129 42 
316 152 35 
316 176 31 
316 177 31 
316 178 31 
316 179 31 
316 180 31 
316 181 31 
316 182 32 
316 183 32 
316 184 32 
316 185 32 
316 186 33 
316 187 33 
316 188 34 
316 189 34 
316 190 34 
316 191 35 
316 192 35 
316 193 36 
316 194 36 
316 195 37 
316 196 37 
316 197 38 
316 198 39 
316 199 39 
316 200 40 
316 201 40 
316 202 39 
316 203 38 
316 204 37 
316 205 37 
316 206 36 
316 207 35 
316 208 34 
316 209 33 
316 210 33 
316 211 32 
316 212 31 
316 213 30 
316 214 29 
316 215 29 
316 216 28 
316 217 27 
316 218 27 
316 219 26 
316 220 25 
316 221 25 
316 222 24 
316 223 24 
316 224 23 
316 225 23 
316 226 22 
316 227 22 
316 228 22 
316 229 21 
316 230 21 
316 231 20 
316 232 20 
316 233 20 
316 234 19 
316 235 18 
316 236 18 
316 237 17 
316 238 16 
316 239 15 
316 240 14 
316 241 13 
316 242 12 
316 243 11 
316 244 10 
316 245 9 
316 246 8 
316 247 7 
316 248 6 
316 249 5 
316 250 5 
316 251 4 
316 252 3 
316 253 2 
316 254 1 
316 255 1 
316 256 0 
316 339 61 
316 439 1 
316 449 9 
316 454 13 
316 467 16 
316 473 19 
316 480 22 
317 105 27 
317 106 28 
317 107 29 
317 129 43 
317 152 36 
317 174 31 
317 175 32 
317 187 34 
317 203 39 
317 340 62 
317 439 2 
317 449 10 
317 454 13 
317 467 17 
317 473 19 
317 479 22 
318 73 4 
318 74 5 
318 75 6 
318 76 6 
318 77 6 
318 78 7 
318 79 8 
318 80 8 
318 81 9 
318 82 10 
318 83 10 
318 84 11 
318 85 12 
318 86 13 
318 87 13 
318 88 14 
318 89 15 
318 90 15 
318 91 16 
318 92 17 
318 93 17 
318 94 18 
318 95 19 
318 96 20 
318 97 20 
318 98 21 
318 99 22 
318 100 22 
318 101 23 
318 102 24 
318 103 25 
318 104 25 
318 108 29 
318 109 30 
318 110 31 
318 111 31 
318 112 32 
318 113 33 
318 114 34 
318 115 35 
318 116 36 
318 117 37 
318 118 38 
318 119 39 
318 120 39 
318 121 40 
318 122 41 
318 123 41 
318 124 42 
318 125 42 
318 126 43 
318 127 43 
318 128 43 
318 129 44 
318 152 37 
318 172 32 
318 173 32 
318 187 33 
318 203 39 
318 340 62 
318 436 0 
318 437 1 
318 438 2 
318 439 3 
318 440 3 
318 441 4 
318 442 5 
318 443 6 
318 444 7 
318 445 8 
318 446 8 
318 447 9 
318 448 10 
318 449 10 
318 450 11 
318 454 14 
318 467 18 
318 473 20 
318 478 23 
319 72 3 
319 130 45 
319 152 38 
319 169 31 
319 170 31 
319 171 31 
319 187 32 
319 203 39 
319 341 62 
319 451 13 
319 452 13 
319 453 14 
319 454 15 
319 467 19 
319 473 21 
319 478 24 
320 71 2 
320 131 47 
320 151 38 
320 152 38 
320 153 37 
320 154 36 
320 155 36 
320 156 35 
320 157 35 
320 158 34 
320 159 34 
320 160 33 
320 161 33 
320 162 32 
320 163 32 
320 164 32 
320 165 31 
320 166 31 
320 167 31 
320 168 30 
320 187 31 
320 204 39 
320 341 62 
320 455 16 
320 467 20 
320 473 22 
320 477 24 
321 70 1 
321 132 48 
321 149 39 
321 150 38 
321 187 30 
321 204 38 
321 341 62 
321 455 17 
321 467 21 
321 473 23 
321 476 24 
322 69 0 
322 133 49 
322 147 39 
322 148 39 
322 187 29 
322 205 38 
322 341 61 
322 456 18 
322 467 22 
322 474 24 
322 475 25 
323 134 49 
323 145 40 
323 146 39 
323 187 28 
323 205 37 
323 341 61 
323 456 19 
323 467 23 
323 474 25 
324 134 48 
324 143 41 
324 144 40 
324 187 27 
324 206 37 
324 342 62 
324 428 0 
324 429 1 
324 456 20 
324 467 24 
324 474 24 
325 135 47 
325 136 46 
325 142 41 
325 187 26 
325 206 37 
325 342 62 
325 430 2 
325 456 20 
325 467 25 
325 473 25 
326 137 45 
326 138 44 
326 139 43 
326 140 42 
326 141 41 
326 187 25 
326 207 37 
326 343 62 
326 431 3 
326 456 21 
326 467 26 
326 472 25 
327 137 44 
327 187 24 
327 208 37 
327 343 62 
327 344 63 
327 345 64 
327 346 64 
327 347 63 
327 348 62 
327 349 61 
327 350 60 
327 351 59 
327 352 58 
327 353 57 
327 354 56 
327 355 55 
327 356 54 
327 357 53 
327 358 52 
327 359 51 
327 360 50 
327 361 49 
327 362 48 
327 363 47 
327 364 46 
327 365 45 
327 366 44 
327 367 43 
327 368 42 
327 369 41 
327 370 40 
327 371 39 
327 372 38 
327 373 37 
327 374 36 
327 375 35 
327 376 34 
327 377 33 
327 378 32 
327 379 31 
327 380 30 
327 381 29 
327 382 28 
327 383 27 
327 384 26 
327 385 25 
327 386 24 
327 387 23 
327 388 22 
327 389 21 
327 390 20 
327 391 19 
327 392 18 
327 393 17 
327 394 16 
327 395 15 
327 396 14 
327 397 13 
327 398 12 
327 399 11 
327 400 10 
327 401 9 
327 402 8 
327 403 7 
327 404 6 
327 405 5 
327 406 4 
327 407 3 
327 408 2 
327 409 1 
327 410 0 
327 432 5 
327 456 21 
327 467 27 
327 471 26 
328 137 44 
328 187 23 
328 209 37 
328 343 62 
328 432 5 
328 456 21 
328 467 28 
328 470 26 
329 137 43 
329 187 22 
329 210 36 
329 343 62 
329 433 6 
329 456 22 
329 467 29 
329 468 28 
329 469 27 
329 470 26 
330 137 43 
330 187 22 
330 211 36 
330 343 62 
330 422 0 
330 433 7 
330 456 22 
330 467 28 
330 470 25 
331 137 42 
331 187 21 
331 212 36 
331 343 62 
331 422 1 
331 433 7 
331 456 22 
331 467 28 
331 471 24 
331 472 23 
331 473 22 
331 474 21 
331 475 20 
331 476 19 
331 477 19 
331 478 18 
331 479 17 
331 480 16 
331 481 15 
331 482 14 
331 483 13 
331 484 12 
331 485 11 
331 486 10 
331 487 10 
331 488 9 
331 489 8 
331 490 8 
331 491 7 
331 492 7 
331 493 6 
331 494 5 
331 495 5 
331 496 5 
331 497 4 
331 498 4 
331 499 4 
332 137 42 
332 187 20 
332 213 36 
332 343 62 
332 422 2 
332 433 8 
332 456 23 
332 466 29 
332 500 3 
333 137 41 
333 187 19 
333 214 36 
333 344 63 
333 422 3 
333 433 8 
333 456 23 
333 465 30 
333 501 2 
334 136 42 
334 187 18 
334 215 36 
334 345 64 
334 422 3 
334 433 9 
334 456 24 
334 463 30 
334 464 30 
334 502 0 
335 136 41 
335 187 17 
335 216 36 
335 346 64 
335 422 4 
335 433 10 
335 456 24 
335 462 30 
336 135 42 
336 187 16 
336 217 36 
336 347 63 
336 422 5 
336 433 10 
336 456 25 
336 461 29 
337 135 42 
337 187 15 
337 218 36 
337 347 63 
337 422 5 
337 433 11 
337 456 25 
337 460 29 
338 134 42 
338 187 14 
338 219 36 
338 348 62 
338 422 6 
338 433 12 
338 456 26 
338 460 29 
339 134 42 
339 187 14 
339 220 36 
339 348 62 
339 422 7 
339 433 13 
339 456 27 
339 457 28 
339 458 28 
339 459 29 
339 460 30 
339 461 31 
339 462 31 
339 463 30 
339 464 29 
339 465 28 
339 466 27 
339 467 26 
339 468 25 
339 469 24 
339 470 23 
339 471 22 
339 472 21 
339 473 20 
339 474 19 
339 475 18 
339 476 17 
339 477 16 
339 478 15 
339 479 14 
339 480 13 
339 481 13 
339 482 12 
339 483 11 
339 484 10 
339 485 9 
339 486 8 
339 487 7 
339 488 6 
339 489 5 
339 490 4 
339 491 3 
339 492 2 
339 493 1 
339 494 0 
339 495 0 
340 133 43 
340 187 13 
340 220 35 
340 221 36 
340 222 37 
340 348 62 
340 422 8 
340 433 13 
340 456 27 
340 494 1 
341 132 42 
341 187 12 
341 219 34 
341 223 36 
341 348 62 
341 422 9 
341 433 14 
341 455 27 
341 495 0 
342 81 0 
342 132 41 
342 187 11 
342 218 32 
342 224 36 
342 348 62 
342 422 9 
342 433 15 
342 454 27 
343 82 1 
343 117 32 
343 118 33 
343 119 33 
343 120 34 
343 121 35 
343 122 35 
343 123 36 
343 124 36 
343 125 37 
343 126 37 
343 127 38 
343 128 38 
343 129 39 
343 130 39 
343 131 39 
343 132 40 
343 187 10 
343 217 31 
343 225 36 
343 348 63 
343 422 10 
343 433 16 
343 453 28 
344 83 3 
344 115 30 
344 116 31 
344 132 39 
344 187 10 
344 216 29 
344 225 35 
344 348 63 
344 422 11 
344 433 17 
344 453 28 
345 84 4 
345 109 26 
345 110 27 
345 111 27 
345 112 28 
345 113 28 
345 114 29 
345 132 38 
345 187 9 
345 215 28 
345 225 34 
345 226 35 
345 227 36 
345 228 35 
345 229 35 
345 348 63 
345 422 12 
345 433 17 
345 452 29 
346 85 5 
346 107 25 
346 108 25 
346 114 28 
346 132 37 
346 187 9 
346 214 27 
346 225 34 
346 230 34 
346 348 63 
346 422 13 
346 433 18 
346 451 29 
347 86 7 
347 97 16 
347 98 17 
347 99 17 
347 100 18 
347 101 19 
347 102 20 
347 103 21 
347 104 22 
347 105 23 
347 106 24 
347 114 27 
347 132 36 
347 187 8 
347 213 25 
347 225 33 
347 231 34 
347 348 64 
347 422 14 
347 433 19 
347 451 30 
348 87 8 
348 95 15 
348 96 15 
348 106 23 
348 114 26 
348 132 35 
348 187 7 
348 212 24 
348 225 32 
348 232 34 
348 348 64 
348 422 15 
348 433 20 
348 451 31 
349 88 9 
349 93 14 
349 94 15 
349 106 22 
349 114 25 
349 132 35 
349 187 6 
349 211 22 
349 225 32 
349 233 34 
349 348 64 
349 422 16 
349 433 21 
349 451 31 
350 89 11 
350 90 12 
350 91 13 
350 92 13 
350 106 21 
350 114 25 
350 132 34 
350 187 5 
350 210 21 
350 225 31 
350 234 34 
350 348 64 
350 422 17 
350 433 22 
350 450 32 
351 89 11 
351 106 20 
351 114 24 
351 132 33 
351 187 5 
351 209 20 
351 225 30 
351 235 34 
351 348 65 
351 422 18 
351 433 23 
351 450 33 
352 88 11 
352 106 19 
352 114 23 
352 132 32 
352 187 4 
352 208 18 
352 225 29 
352 236 34 
352 348 65 
352 422 19 
352 433 24 
352 450 34 
353 86 10 
353 87 11 
353 106 18 
353 114 22 
353 133 31 
353 186 3 
353 207 17 
353 225 29 
353 237 34 
353 348 64 
353 422 20 
353 433 25 
353 450 34 
353 495 0 
354 84 10 
354 85 10 
354 106 17 
354 114 22 
354 134 31 
354 186 2 
354 206 15 
354 225 28 
354 237 35 
354 348 64 
354 422 21 
354 433 25 
354 450 34 
354 494 2 
355 65 0 
355 77 6 
355 78 6 
355 79 7 
355 80 8 
355 81 8 
355 82 9 
355 83 10 
355 106 16 
355 114 21 
355 135 31 
355 186 2 
355 205 14 
355 225 27 
355 237 35 
355 238 35 
355 239 34 
355 240 33 
355 348 63 
355 422 22 
355 433 26 
355 450 34 
355 486 9 
355 487 8 
355 488 7 
355 489 6 
355 490 5 
355 491 4 
355 492 3 
355 493 3 
355 494 2 
356 66 1 
356 74 5 
356 75 5 
356 76 6 
356 82 9 
356 106 15 
356 114 20 
356 136 30 
356 185 0 
356 204 13 
356 225 27 
356 237 34 
356 241 33 
356 348 62 
356 349 61 
356 350 61 
356 351 60 
356 352 60 
356 353 59 
356 354 58 
356 355 58 
356 356 57 
356 357 57 
356 358 56 
356 359 56 
356 360 56 
356 361 55 
356 362 54 
356 363 53 
356 364 52 
356 365 51 
356 366 50 
356 367 49 
356 368 49 
356 369 48 
356 370 47 
356 371 46 
356 372 45 
356 373 44 
356 374 44 
356 422 23 
356 433 27 
356 448 35 
356 449 34 
356 450 33 
356 451 32 
356 452 32 
356 453 31 
356 454 30 
356 455 29 
356 456 29 
356 457 28 
356 458 27 
356 459 27 
356 460 26 
356 461 25 
356 462 25 
356 463 24 
356 464 23 
356 465 22 
356 466 22 
356 467 21 
356 468 20 
356 469 20 
356 470 19 
356 471 18 
356 472 18 
356 473 17 
356 474 16 
356 475 15 
356 476 15 
356 477 14 
356 478 13 
356 479 13 
356 480 12 
356 481 11 
356 482 11 
356 483 10 
356 484 10 
356 485 9 
356 495 0 
357 67 2 
357 73 5 
357 82 9 
357 106 14 
357 114 20 
357 137 30 
357 203 11 
357 225 26 
357 237 34 
357 242 33 
357 347 62 
357 375 43 
357 376 43 
357 377 42 
357 378 41 
357 379 40 
357 380 39 
357 381 39 
357 382 38 
357 383 37 
357 384 37 
357 385 36 
357 386 35 
357 387 34 
357 422 24 
357 433 28 
357 447 35 
357 485 8 
358 67 2 
358 68 3 
358 69 4 
358 70 4 
358 71 5 
358 72 5 
358 82 8 
358 106 14 
358 114 19 
358 138 30 
358 202 10 
358 225 25 
358 237 33 
358 243 33 
358 346 62 
358 375 44 
358 388 35 
358 422 25 
358 433 29 
358 446 35 
358 486 7 
359 66 1 
359 67 2 
359 68 3 
359 69 3 
359 82 7 
359 106 13 
359 114 18 
359 139 30 
359 201 8 
359 225 25 
359 237 32 
359 244 33 
359 345 61 
359 375 45 
359 389 35 
359 422 26 
359 433 30 
359 445 35 
359 487 5 
360 65 0 
360 69 3 
360 82 6 
360 106 12 
360 114 17 
360 140 30 
360 200 7 
360 225 24 
360 237 31 
360 245 33 
360 344 61 
360 375 45 
360 390 35 
360 422 27 
360 433 31 
360 444 36 
360 488 4 
360 489 3 
360 490 3 
360 491 2 
360 492 1 
360 493 1 
360 494 0 
361 69 2 
361 82 5 
361 106 11 
361 114 16 
361 141 30 
361 199 5 
361 225 23 
361 237 30 
361 246 33 
361 343 61 
361 375 46 
361 391 35 
361 422 28 
361 433 31 
361 443 36 
361 488 4 
362 69 1 
362 82 4 
362 106 10 
362 114 15 
362 141 29 
362 199 5 
362 225 22 
362 237 30 
362 247 33 
362 342 61 
362 375 45 
362 392 35 
362 422 29 
362 433 32 
362 442 37 
362 488 3 
363 69 0 
363 82 3 
363 106 10 
363 114 14 
363 141 28 
363 142 29 
363 143 30 
363 199 4 
363 225 22 
363 237 29 
363 247 34 
363 248 33 
363 249 33 
363 250 32 
363 341 61 
363 375 44 
363 393 35 
363 422 30 
363 433 33 
363 441 37 
363 488 2 
364 82 3 
364 106 9 
364 114 13 
364 140 27 
364 144 29 
364 199 4 
364 223 20 
364 224 20 
364 225 21 
364 237 28 
364 247 34 
364 251 32 
364 341 60 
364 375 43 
364 394 36 
364 422 31 
364 433 34 
364 440 38 
365 82 2 
365 106 8 
365 114 12 
365 139 25 
365 145 29 
365 199 3 
365 222 18 
365 225 20 
365 237 27 
365 247 34 
365 252 33 
365 253 32 
365 337 61 
365 338 61 
365 339 61 
365 340 60 
365 341 59 
365 375 42 
365 395 36 
365 422 32 
365 433 35 
365 439 38 
366 82 2 
366 106 8 
366 114 11 
366 138 24 
366 146 29 
366 199 3 
366 221 17 
366 225 19 
366 237 27 
366 247 33 
366 254 33 
366 331 56 
366 332 57 
366 333 58 
366 334 59 
366 335 60 
366 336 61 
366 341 58 
366 375 41 
366 396 36 
366 422 33 
366 433 36 
366 438 38 
367 81 0 
367 106 7 
367 114 10 
367 137 23 
367 147 29 
367 199 2 
367 220 15 
367 225 18 
367 237 26 
367 247 32 
367 255 33 
367 328 54 
367 329 55 
367 330 56 
367 336 61 
367 341 58 
367 375 40 
367 397 37 
367 422 33 
367 433 37 
367 438 39 
368 106 7 
368 114 9 
368 136 21 
368 148 29 
368 219 14 
368 225 18 
368 237 25 
368 247 31 
368 256 34 
368 326 53 
368 327 54 
368 336 60 
368 341 57 
368 375 39 
368 398 37 
368 422 34 
368 433 38 
368 434 38 
368 435 39 
368 436 39 
368 437 39 
369 106 7 
369 114 9 
369 135 20 
369 149 29 
369 218 13 
369 225 17 
369 237 24 
369 247 30 
369 257 34 
369 321 50 
369 322 50 
369 323 51 
369 324 52 
369 325 53 
369 336 59 
369 341 56 
369 375 38 
369 399 38 
369 422 35 
369 433 39 
370 106 6 
370 114 8 
370 134 19 
370 150 30 
370 217 11 
370 225 16 
370 237 24 
370 247 30 
370 257 35 
370 319 49 
370 320 50 
370 336 58 
370 341 55 
370 375 37 
370 400 37 
370 422 36 
370 433 39 
371 105 5 
371 114 7 
371 133 17 
371 151 30 
371 216 10 
371 225 15 
371 237 23 
371 247 29 
371 257 35 
371 258 35 
371 259 35 
371 260 34 
371 317 48 
371 318 49 
371 336 58 
371 341 55 
371 375 36 
371 401 37 
371 422 37 
371 433 40 
372 104 4 
372 114 6 
372 132 16 
372 152 30 
372 215 8 
372 225 15 
372 237 22 
372 247 28 
372 257 34 
372 261 35 
372 311 44 
372 312 45 
372 313 46 
372 314 46 
372 315 47 
372 316 48 
372 336 57 
372 341 54 
372 375 35 
372 402 36 
372 422 38 
372 431 41 
372 432 41 
373 103 3 
373 114 5 
373 131 14 
373 153 30 
373 215 8 
373 225 14 
373 237 21 
373 247 27 
373 257 33 
373 262 35 
373 263 35 
373 309 44 
373 310 44 
373 316 49 
373 336 56 
373 341 53 
373 375 34 
373 403 36 
373 422 39 
373 430 41 
374 102 2 
374 114 4 
374 130 13 
374 154 30 
374 215 7 
374 225 13 
374 237 20 
374 247 27 
374 257 32 
374 264 35 
374 304 41 
374 305 42 
374 306 42 
374 307 43 
374 308 44 
374 316 49 
374 336 55 
374 341 52 
374 375 33 
374 404 35 
374 422 40 
374 429 42 
375 101 1 
375 114 3 
375 129 12 
375 155 30 
375 214 5 
375 225 12 
375 237 20 
375 247 26 
375 257 32 
375 265 36 
375 266 36 
375 302 41 
375 303 41 
375 308 44 
375 316 50 
375 336 54 
375 341 51 
375 375 32 
375 405 35 
375 422 41 
375 429 43 
376 114 3 
376 128 10 
376 156 30 
376 213 4 
376 225 11 
376 237 19 
376 247 25 
376 257 31 
376 267 36 
376 299 40 
376 300 40 
376 301 41 
376 308 45 
376 316 51 
376 336 54 
376 341 50 
376 375 31 
376 406 35 
376 422 42 
376 428 44 
377 114 2 
377 127 9 
377 157 30 
377 213 3 
377 225 10 
377 237 18 
377 247 24 
377 257 30 
377 268 35 
377 298 40 
377 308 46 
377 316 51 
377 336 53 
377 341 50 
377 375 30 
377 407 34 
377 422 43 
377 427 44 
378 114 1 
378 126 8 
378 158 30 
378 213 3 
378 225 10 
378 237 17 
378 247 23 
378 257 29 
378 269 35 
378 270 35 
378 271 36 
378 272 37 
378 292 39 
378 293 39 
378 294 39 
378 295 40 
378 296 40 
378 297 41 
378 308 47 
378 316 52 
378 336 52 
378 341 49 
378 375 29 
378 408 34 
378 409 35 
378 422 44 
378 426 45 
379 114 0 
379 125 6 
379 159 30 
379 212 1 
379 225 9 
379 237 17 
379 247 23 
379 257 28 
379 269 34 
379 273 36 
379 274 37 
379 289 39 
379 290 39 
379 291 39 
379 297 42 
379 308 48 
379 316 53 
379 336 51 
379 341 48 
379 375 28 
379 410 35 
379 422 43 
379 426 46 
380 124 5 
380 160 30 
380 225 8 
380 237 16 
380 247 22 
380 257 28 
380 269 33 
380 275 37 
380 286 39 
380 287 39 
380 288 40 
380 297 43 
380 308 48 
380 316 53 
380 336 51 
380 341 47 
380 375 27 
380 411 34 
380 422 42 
380 426 45 
381 123 4 
381 161 30 
381 224 7 
381 237 15 
381 247 21 
381 257 27 
381 269 32 
381 276 37 
381 277 37 
381 278 37 
381 279 37 
381 280 38 
381 281 38 
381 282 39 
381 283 39 
381 284 39 
381 285 40 
381 297 43 
381 308 49 
381 316 52 
381 336 50 
381 341 47 
381 375 26 
381 412 34 
381 422 42 
381 426 45 
382 122 2 
382 162 30 
382 223 5 
382 237 14 
382 247 20 
382 257 26 
382 269 32 
382 276 36 
382 285 39 
382 297 44 
382 308 48 
382 316 51 
382 336 49 
382 341 46 
382 375 26 
382 413 34 
382 414 35 
382 415 36 
382 422 41 
382 426 44 
383 121 1 
383 163 30 
383 222 4 
383 237 13 
383 247 20 
383 257 25 
383 269 31 
383 276 35 
383 285 38 
383 297 43 
383 308 47 
383 316 50 
383 336 49 
383 341 45 
383 375 25 
383 416 36 
383 417 37 
383 422 40 
383 426 43 
384 164 30 
384 221 3 
384 237 13 
384 247 19 
384 257 24 
384 269 30 
384 276 34 
384 285 37 
384 297 42 
384 308 46 
384 316 49 
384 336 48 
384 341 44 
384 375 24 
384 418 37 
384 419 38 
384 420 38 
384 421 39 
384 422 40 
384 423 41 
384 426 42 
385 165 30 
385 221 2 
385 237 12 
385 247 18 
385 257 24 
385 269 29 
385 276 33 
385 285 36 
385 297 41 
385 308 45 
385 316 48 
385 336 47 
385 341 44 
385 375 23 
385 424 41 
385 425 42 
385 426 42 
385 486 1 
385 487 0 
386 166 31 
386 221 2 
386 237 11 
386 247 17 
386 257 23 
386 269 28 
386 276 32 
386 285 35 
386 297 40 
386 308 44 
386 316 47 
386 336 46 
386 341 43 
386 375 22 
386 424 40 
386 425 41 
386 426 41 
386 427 40 
386 428 40 
386 429 39 
386 430 39 
386 431 38 
386 432 38 
386 433 37 
386 434 37 
386 435 36 
386 436 36 
386 437 35 
386 438 35 
386 439 35 
386 440 34 
386 441 33 
386 442 33 
386 443 32 
386 444 32 
386 445 31 
386 446 30 
386 485 2 
387 167 31 
387 220 0 
387 237 10 
387 247 16 
387 257 22 
387 269 28 
387 276 31 
387 285 35 
387 297 39 
387 308 44 
387 316 46 
387 336 46 
387 341 42 
387 375 21 
387 424 40 
387 447 29 
387 448 28 
387 449 27 
387 450 26 
387 484 3 
388 168 31 
388 237 9 
388 247 15 
388 257 21 
388 269 27 
388 276 30 
388 285 34 
388 297 38 
388 308 43 
388 316 45 
388 336 45 
388 341 42 
388 375 20 
388 424 39 
388 447 28 
388 451 25 
388 452 24 
388 453 23 
388 454 22 
388 483 4 
389 168 32 
389 237 9 
389 247 14 
389 257 20 
389 269 26 
389 276 29 
389 285 33 
389 297 37 
389 308 42 
389 316 44 
389 336 44 
389 341 41 
389 375 19 
389 424 39 
389 447 27 
389 455 21 
389 456 20 
389 457 19 
389 458 18 
389 459 18 
389 460 17 
389 461 16 
389 462 15 
389 463 15 
389 464 14 
389 465 14 
389 466 13 
389 467 13 
389 468 12 
389 469 12 
389 470 11 
389 471 10 
389 472 10 
389 473 9 
389 482 5 
390 168 32 
390 237 8 
390 247 14 
390 257 19 
390 269 25 
390 276 28 
390 285 32 
390 297 36 
390 308 41 
390 316 44 
390 336 43 
390 341 40 
390 375 19 
390 424 38 
390 447 27 
390 455 20 
390 474 9 
390 475 9 
390 476 8 
390 477 8 
390 482 4 
391 168 33 
391 235 6 
391 236 6 
391 237 7 
391 247 13 
391 257 18 
391 269 24 
391 276 27 
391 285 31 
391 297 35 
391 308 40 
391 316 43 
391 336 43 
391 341 39 
391 375 18 
391 424 37 
391 447 26 
391 455 20 
391 478 6 
391 482 3 
391 483 3 
391 484 2 
391 485 1 
391 486 1 
391 487 0 
392 168 34 
392 234 5 
392 237 6 
392 247 12 
392 257 17 
392 269 24 
392 276 26 
392 285 30 
392 297 35 
392 308 39 
392 316 42 
392 336 42 
392 341 39 
392 375 17 
392 424 37 
392 447 25 
392 455 19 
392 478 5 
392 479 5 
392 480 5 
392 481 4 
393 168 34 
393 233 3 
393 237 5 
393 247 11 
393 257 16 
393 269 23 
393 276 25 
393 285 29 
393 297 34 
393 308 38 
393 316 41 
393 336 41 
393 341 38 
393 375 16 
393 424 36 
393 447 24 
393 455 19 
393 478 5 
393 481 3 
394 168 35 
394 232 2 
394 237 5 
394 247 10 
394 257 15 
394 269 22 
394 276 24 
394 285 28 
394 297 33 
394 308 37 
394 316 40 
394 336 40 
394 341 37 
394 375 15 
394 424 35 
394 447 23 
394 455 18 
394 478 4 
394 482 2 
395 168 36 
395 237 4 
395 247 10 
395 257 14 
395 269 21 
395 276 23 
395 285 27 
395 297 32 
395 308 36 
395 316 39 
395 336 39 
395 341 36 
395 375 15 
395 424 34 
395 447 23 
395 455 18 
395 478 3 
395 483 0 
396 168 37 
396 237 3 
396 247 9 
396 257 13 
396 269 20 
396 276 22 
396 285 26 
396 297 31 
396 308 35 
396 316 38 
396 336 39 
396 341 35 
396 375 14 
396 424 33 
396 447 22 
396 455 17 
396 478 3 
397 168 37 
397 169 37 
397 170 36 
397 237 3 
397 247 8 
397 257 13 
397 269 19 
397 276 22 
397 285 26 
397 297 30 
397 308 34 
397 316 37 
397 336 38 
397 341 35 
397 375 13 
397 424 33 
397 447 21 
397 455 17 
397 478 2 
398 167 39 
398 171 36 
398 172 35 
398 237 2 
398 247 7 
398 257 12 
398 269 18 
398 276 21 
398 285 25 
398 297 29 
398 308 33 
398 316 36 
398 336 37 
398 341 34 
398 342 33 
398 375 12 
398 424 32 
398 447 20 
398 455 16 
398 478 1 
399 109 1 
399 166 40 
399 173 35 
399 174 35 
399 175 34 
399 245 5 
399 246 6 
399 247 6 
399 257 11 
399 269 17 
399 276 20 
399 285 24 
399 297 28 
399 308 32 
399 316 35 
399 336 37 
399 340 34 
399 343 32 
399 375 11 
399 424 31 
399 447 20 
399 455 15 
400 110 1 
400 165 39 
400 176 34 
400 244 4 
400 247 5 
400 257 10 
400 269 16 
400 276 19 
400 285 23 
400 297 27 
400 308 31 
400 316 34 
400 336 36 
400 340 33 
400 344 30 
400 375 10 
400 424 30 
400 447 19 
400 455 14 
401 108 0 
401 109 0 
401 110 1 
401 165 39 
401 177 34 
401 178 34 
401 179 33 
401 243 3 
401 247 5 
401 257 9 
401 269 15 
401 276 18 
401 285 22 
401 297 27 
401 308 30 
401 316 33 
401 336 35 
401 340 32 
401 345 29 
401 376 9 
401 424 29 
401 447 18 
401 455 13 
402 111 3 
402 161 36 
402 162 37 
402 163 37 
402 164 38 
402 165 39 
402 180 33 
402 242 1 
402 247 4 
402 257 8 
402 269 14 
402 276 17 
402 285 21 
402 297 26 
402 308 30 
402 316 32 
402 336 34 
402 340 32 
402 346 28 
402 377 8 
402 424 29 
402 447 17 
402 455 12 
403 112 4 
403 159 34 
403 160 35 
403 165 40 
403 181 33 
403 182 33 
403 183 32 
403 184 32 
403 247 3 
403 257 8 
403 269 13 
403 276 16 
403 285 20 
403 297 25 
403 308 29 
403 316 31 
403 336 34 
403 340 31 
403 347 26 
403 378 6 
403 424 28 
403 447 16 
403 456 11 
403 457 10 
403 458 10 
403 459 10 
403 460 10 
403 461 9 
403 462 8 
403 463 8 
403 464 7 
403 465 6 
403 466 5 
403 467 4 
403 468 3 
403 469 2 
403 470 1 
403 471 0 
404 113 5 
404 149 26 
404 150 27 
404 151 27 
404 152 28 
404 153 29 
404 154 30 
404 155 31 
404 156 32 
404 157 33 
404 158 34 
404 165 40 
404 185 32 
404 186 31 
404 187 30 
404 188 29 
404 189 29 
404 190 28 
404 191 27 
404 247 3 
404 257 7 
404 269 13 
404 276 15 
404 285 19 
404 297 24 
404 308 28 
404 316 30 
404 336 33 
404 340 30 
404 348 25 
404 379 5 
404 424 27 
404 447 15 
404 456 10 
404 463 7 
405 114 6 
405 148 25 
405 158 34 
405 165 39 
405 185 32 
405 192 27 
405 247 2 
405 257 6 
405 269 12 
405 276 15 
405 285 18 
405 297 23 
405 308 27 
405 316 29 
405 336 32 
405 340 29 
405 349 24 
405 380 4 
405 424 27 
405 447 14 
405 456 9 
405 463 6 
406 115 8 
406 146 25 
406 147 25 
406 158 34 
406 165 38 
406 185 33 
406 193 28 
406 194 27 
406 195 26 
406 246 0 
406 257 5 
406 269 11 
406 276 14 
406 285 17 
406 297 22 
406 308 26 
406 316 28 
406 336 32 
406 340 29 
406 350 22 
406 381 2 
406 424 26 
406 447 13 
406 456 8 
406 463 5 
407 116 9 
407 144 24 
407 145 25 
407 158 35 
407 165 37 
407 185 34 
407 196 27 
407 197 26 
407 198 25 
407 199 25 
407 257 5 
407 269 10 
407 276 13 
407 285 16 
407 297 21 
407 308 25 
407 316 27 
407 336 31 
407 340 28 
407 351 21 
407 382 1 
407 423 26 
407 447 12 
407 456 8 
407 464 4 
408 117 10 
408 142 23 
408 143 24 
408 158 34 
408 165 36 
408 185 34 
408 200 25 
408 257 4 
408 269 9 
408 276 12 
408 285 15 
408 297 20 
408 308 24 
408 316 26 
408 336 30 
408 340 27 
408 352 19 
408 423 25 
408 447 11 
408 456 7 
408 465 3 
409 117 10 
409 140 23 
409 141 23 
409 158 33 
409 165 35 
409 185 33 
409 201 25 
409 202 24 
409 256 2 
409 269 8 
409 276 11 
409 285 14 
409 297 19 
409 308 23 
409 316 26 
409 336 29 
409 340 27 
409 353 18 
409 422 26 
409 447 10 
409 456 6 
409 466 1 
410 118 12 
410 138 22 
410 139 23 
410 158 32 
410 165 35 
410 185 32 
410 203 24 
410 255 1 
410 269 7 
410 276 10 
410 285 13 
410 297 18 
410 308 22 
410 316 25 
410 336 29 
410 340 26 
410 354 17 
410 421 26 
410 447 9 
410 456 5 
410 466 1 
411 118 12 
411 136 22 
411 137 22 
411 158 31 
411 165 34 
411 185 31 
411 204 24 
411 205 24 
411 269 6 
411 276 9 
411 285 13 
411 297 17 
411 308 21 
411 316 24 
411 336 28 
411 340 25 
411 355 15 
411 421 26 
411 447 9 
411 456 5 
411 467 0 
412 93 0 
412 118 13 
412 134 21 
412 135 22 
412 158 30 
412 165 33 
412 185 30 
412 206 24 
412 269 5 
412 276 8 
412 285 12 
412 297 16 
412 308 20 
412 316 23 
412 336 27 
412 340 25 
412 356 14 
412 420 26 
412 447 8 
412 456 4 
413 93 1 
413 118 13 
413 132 21 
413 133 22 
413 158 29 
413 165 32 
413 185 29 
413 207 24 
413 269 4 
413 276 7 
413 285 11 
413 297 15 
413 308 19 
413 316 22 
413 336 26 
413 340 24 
413 357 13 
413 419 26 
413 447 7 
413 456 3 
414 93 1 
414 116 13 
414 117 13 
414 118 14 
414 119 15 
414 120 15 
414 121 16 
414 130 21 
414 131 22 
414 158 28 
414 165 31 
414 185 28 
414 208 24 
414 269 3 
414 276 6 
414 285 10 
414 297 14 
414 308 18 
414 316 21 
414 336 25 
414 340 23 
414 358 11 
414 418 27 
414 447 6 
414 456 3 
415 93 2 
415 114 12 
415 115 13 
415 122 18 
415 123 18 
415 124 19 
415 125 19 
415 126 19 
415 127 20 
415 128 20 
415 129 21 
415 158 27 
415 165 30 
415 185 27 
415 208 25 
415 209 24 
415 210 24 
415 211 23 
415 269 3 
415 276 5 
415 285 9 
415 297 13 
415 308 17 
415 316 20 
415 336 25 
415 340 22 
415 359 10 
415 417 28 
415 447 5 
415 456 2 
416 93 3 
416 112 11 
416 113 12 
416 127 19 
416 158 26 
416 165 29 
416 185 26 
416 208 25 
416 212 23 
416 213 22 
416 269 2 
416 276 5 
416 285 8 
416 297 13 
416 308 16 
416 316 19 
416 336 24 
416 340 22 
416 360 8 
416 416 28 
416 447 4 
416 456 1 
417 89 1 
417 90 2 
417 93 3 
417 110 11 
417 111 11 
417 127 18 
417 158 25 
417 165 28 
417 185 25 
417 208 25 
417 214 23 
417 269 1 
417 276 4 
417 285 7 
417 297 12 
417 308 15 
417 316 19 
417 336 23 
417 340 21 
417 361 7 
417 415 27 
417 447 3 
417 456 0 
418 91 3 
418 92 4 
418 93 4 
418 101 8 
418 102 9 
418 103 9 
418 104 10 
418 105 10 
418 106 11 
418 107 11 
418 108 11 
418 109 11 
418 127 17 
418 158 25 
418 165 27 
418 185 24 
418 208 24 
418 215 23 
418 276 3 
418 285 6 
418 297 11 
418 308 14 
418 316 18 
418 336 22 
418 340 20 
418 341 19 
418 342 19 
418 362 5 
418 414 26 
418 447 3 
419 94 5 
419 100 9 
419 127 16 
419 158 24 
419 165 27 
419 185 23 
419 208 23 
419 216 23 
419 217 22 
419 218 22 
419 276 2 
419 285 5 
419 297 10 
419 308 13 
419 316 17 
419 336 22 
419 340 19 
419 343 17 
419 363 4 
419 413 26 
419 447 2 
420 95 7 
420 96 8 
420 97 8 
420 98 9 
420 99 9 
420 127 15 
420 158 23 
420 165 26 
420 185 22 
420 208 22 
420 219 22 
420 276 1 
420 285 4 
420 297 9 
420 308 13 
420 316 16 
420 336 21 
420 340 18 
420 344 16 
420 363 4 
420 412 26 
420 447 1 
421 95 7 
421 127 15 
421 158 22 
421 165 25 
421 185 21 
421 208 21 
421 220 23 
421 276 0 
421 285 3 
421 297 8 
421 308 12 
421 316 15 
421 336 20 
421 340 18 
421 345 15 
421 363 3 
421 411 25 
421 447 0 
422 92 4 
422 93 5 
422 94 5 
422 95 6 
422 127 14 
422 158 21 
422 165 24 
422 185 20 
422 208 20 
422 221 23 
422 285 3 
422 297 7 
422 308 11 
422 316 14 
422 336 20 
422 340 17 
422 346 13 
422 364 1 
422 410 25 
423 91 3 
423 95 5 
423 127 13 
423 158 20 
423 165 23 
423 185 19 
423 208 19 
423 222 23 
423 285 2 
423 297 6 
423 308 10 
423 316 13 
423 336 19 
423 340 16 
423 347 12 
423 409 25 
424 90 2 
424 95 4 
424 127 13 
424 158 19 
424 165 23 
424 185 18 
424 208 19 
424 223 23 
424 285 1 
424 297 5 
424 308 9 
424 316 12 
424 336 18 
424 340 15 
424 348 10 
424 373 0 
424 408 24 
425 89 0 
425 95 3 
425 127 12 
425 158 18 
425 165 22 
425 185 17 
425 208 18 
425 224 23 
425 225 23 
425 285 0 
425 297 4 
425 308 8 
425 316 11 
425 336 17 
425 340 15 
425 349 9 
425 373 1 
425 408 25 
426 95 3 
426 127 11 
426 158 17 
426 165 21 
426 185 16 
426 208 17 
426 226 23 
426 297 3 
426 308 7 
426 316 10 
426 336 17 
426 340 14 
426 350 8 
426 374 2 
426 407 25 
427 95 2 
427 127 10 
427 158 16 
427 165 20 
427 185 15 
427 208 16 
427 226 22 
427 297 3 
427 308 6 
427 316 9 
427 336 16 
427 340 13 
427 351 6 
427 374 3 
427 407 25 
428 95 1 
428 127 10 
428 158 15 
428 165 19 
428 185 14 
428 208 15 
428 227 22 
428 297 2 
428 308 5 
428 316 8 
428 336 15 
428 340 13 
428 351 5 
428 375 5 
428 406 25 
429 95 0 
429 127 9 
429 158 14 
429 165 18 
429 185 13 
429 208 14 
429 228 21 
429 229 22 
429 296 0 
429 308 4 
429 316 7 
429 336 14 
429 340 12 
429 351 5 
429 375 5 
429 406 26 
430 127 8 
430 158 14 
430 165 17 
430 185 12 
430 208 13 
430 230 22 
430 308 3 
430 316 6 
430 336 13 
430 340 11 
430 352 3 
430 376 7 
430 403 25 
430 404 25 
430 405 26 
430 406 27 
430 407 27 
431 127 8 
431 158 13 
431 165 16 
431 185 11 
431 208 12 
431 231 22 
431 308 3 
431 316 5 
431 336 13 
431 340 10 
431 353 2 
431 376 8 
431 401 24 
431 402 25 
431 408 29 
431 409 29 
432 127 7 
432 158 12 
432 165 15 
432 185 10 
432 208 11 
432 232 22 
432 308 2 
432 316 4 
432 336 12 
432 340 10 
432 353 1 
432 377 9 
432 399 23 
432 400 24 
432 410 31 
432 411 31 
433 127 6 
433 158 11 
433 165 14 
433 185 9 
433 208 10 
433 233 22 
433 307 0 
433 316 3 
433 336 11 
433 340 9 
433 353 0 
433 377 10 
433 397 22 
433 398 23 
433 412 30 
433 413 29 
434 127 5 
434 158 10 
434 165 13 
434 185 9 
434 208 9 
434 234 22 
434 235 23 
434 316 3 
434 336 10 
434 340 8 
434 378 11 
434 395 22 
434 396 22 
434 414 28 
434 415 28 
435 127 5 
435 158 10 
435 165 12 
435 185 8 
435 208 8 
435 236 23 
435 316 2 
435 336 9 
435 340 8 
435 378 12 
435 394 22 
435 416 27 
435 417 27 
435 418 26 
435 419 25 
435 420 24 
435 421 23 
435 422 22 
435 461 0 
436 127 4 
436 158 9 
436 165 11 
436 185 7 
436 208 7 
436 237 23 
436 316 1 
436 336 8 
436 340 7 
436 379 13 
436 393 22 
436 423 21 
436 424 20 
436 460 1 
437 127 3 
437 158 8 
437 165 10 
437 185 6 
437 208 6 
437 238 23 
437 316 0 
437 336 7 
437 340 6 
437 379 14 
437 392 22 
437 425 20 
437 426 19 
437 459 2 
438 126 2 
438 158 8 
438 165 9 
438 185 5 
438 208 5 
438 239 24 
438 240 25 
438 336 6 
438 340 5 
438 380 15 
438 391 22 
438 427 18 
438 428 17 
438 458 3 
439 126 1 
439 158 7 
439 165 8 
439 185 5 
439 208 5 
439 241 25 
439 336 5 
439 340 5 
439 380 16 
439 390 22 
439 429 17 
439 430 16 
439 431 15 
439 432 15 
439 433 14 
439 457 4 
440 126 0 
440 158 6 
440 165 7 
440 185 4 
440 208 4 
440 241 25 
440 336 4 
440 340 4 
440 381 17 
440 389 22 
440 429 18 
440 434 14 
440 435 13 
440 446 9 
440 447 8 
440 448 8 
440 449 8 
440 450 8 
440 451 7 
440 452 6 
440 456 5 
441 158 6 
441 165 6 
441 185 4 
441 208 3 
441 242 25 
441 243 26 
441 336 3 
441 340 3 
441 381 18 
441 388 22 
441 429 18 
441 436 13 
441 437 13 
441 441 11 
441 442 11 
441 443 10 
441 444 10 
441 445 10 
441 453 7 
441 454 7 
441 455 6 
442 158 6 
442 165 5 
442 185 3 
442 208 3 
442 244 27 
442 336 3 
442 340 3 
442 382 20 
442 387 22 
442 429 17 
442 438 13 
442 439 12 
442 440 11 
442 455 6 
443 158 5 
443 165 4 
443 186 2 
443 208 2 
443 245 28 
443 246 27 
443 336 2 
443 340 2 
443 382 20 
443 386 23 
443 429 16 
443 440 10 
443 455 5 
444 157 4 
444 165 3 
444 187 0 
444 208 1 
444 247 28 
444 335 0 
444 340 1 
444 383 22 
444 384 22 
444 385 23 
444 429 15 
444 440 10 
444 455 5 
445 156 3 
445 165 3 
445 248 29 
445 383 22 
445 429 14 
445 440 9 
445 456 3 
446 155 2 
446 165 2 
446 249 29 
446 382 22 
446 429 13 
446 440 8 
446 456 3 
447 154 1 
447 165 1 
447 250 29 
447 330 0 
447 346 0 
447 381 22 
447 429 12 
447 440 8 
447 456 2 
448 154 0 
448 165 0 
448 250 30 
448 251 30 
448 252 29 
448 253 29 
448 258 27 
448 259 27 
448 260 26 
448 261 26 
448 262 26 
448 263 25 
448 264 25 
448 265 24 
448 266 24 
448 267 23 
448 268 23 
448 269 23 
448 270 22 
448 271 22 
448 272 22 
448 273 21 
448 274 21 
448 275 20 
448 276 20 
448 277 19 
448 278 19 
448 279 19 
448 280 19 
448 281 18 
448 282 18 
448 283 18 
448 284 17 
448 285 17 
448 286 16 
448 287 16 
448 288 15 
448 289 15 
448 290 15 
448 291 14 
448 292 14 
448 293 14 
448 294 13 
448 295 13 
448 296 13 
448 297 12 
448 298 12 
448 299 12 
448 300 11 
448 301 11 
448 302 11 
448 303 10 
448 304 10 
448 305 9 
448 306 9 
448 307 8 
448 308 8 
448 309 8 
448 310 7 
448 311 7 
448 312 7 
448 313 7 
448 314 6 
448 315 6 
448 316 6 
448 317 5 
448 318 5 
448 319 4 
448 320 4 
448 321 3 
448 322 3 
448 323 3 
448 324 3 
448 325 2 
448 326 2 
448 327 2 
448 328 1 
448 329 1 
448 346 1 
448 380 22 
448 429 11 
448 440 7 
448 456 2 
449 250 30 
449 254 28 
449 255 28 
449 256 27 
449 257 27 
449 263 25 
449 282 17 
449 293 13 
449 300 10 
449 311 7 
449 321 3 
449 330 0 
449 347 2 
449 379 22 
449 429 10 
449 440 6 
449 457 0 
450 250 29 
450 257 26 
450 263 24 
450 282 16 
450 293 12 
450 300 9 
450 311 6 
450 321 3 
450 347 3 
450 378 22 
450 429 9 
450 440 5 
451 215 0 
451 249 29 
451 257 25 
451 263 23 
451 282 15 
451 293 11 
451 300 9 
451 311 5 
451 321 2 
451 339 0 
451 348 5 
451 377 22 
451 429 8 
451 440 5 
452 215 1 
452 248 29 
452 257 24 
452 263 22 
452 282 14 
452 293 10 
452 300 8 
452 311 4 
452 322 0 
452 339 1 
452 348 5 
452 376 23 
452 429 7 
452 440 4 
453 216 2 
453 248 28 
453 257 23 
453 263 21 
453 282 13 
453 293 9 
453 300 7 
453 311 3 
453 340 2 
453 349 7 
453 375 23 
453 429 6 
453 440 3 
454 216 3 
454 245 28 
454 246 28 
454 247 27 
454 248 27 
454 257 22 
454 263 20 
454 282 13 
454 293 8 
454 300 6 
454 311 2 
454 340 3 
454 349 8 
454 374 23 
454 429 5 
454 440 3 
455 156 0 
455 174 0 
455 217 5 
455 244 27 
455 248 26 
455 257 22 
455 263 19 
455 282 12 
455 293 7 
455 300 5 
455 311 1 
455 327 0 
455 341 5 
455 350 9 
455 373 23 
455 429 4 
455 440 2 
456 156 1 
456 174 1 
456 217 5 
456 243 26 
456 248 25 
456 257 21 
456 263 18 
456 282 11 
456 293 6 
456 300 4 
456 311 0 
456 327 1 
456 341 5 
456 350 10 
456 372 23 
456 429 3 
456 441 0 
457 156 2 
457 175 2 
457 218 7 
457 241 25 
457 242 26 
457 248 24 
457 257 20 
457 263 17 
457 282 10 
457 293 5 
457 300 3 
457 327 2 
457 341 6 
457 351 11 
457 371 23 
457 429 3 
458 156 3 
458 175 3 
458 218 8 
458 240 24 
458 248 23 
458 257 19 
458 263 16 
458 282 9 
458 293 5 
458 300 2 
458 327 3 
458 341 7 
458 351 12 
458 370 23 
458 429 2 
459 156 3 
459 175 4 
459 219 9 
459 239 24 
459 248 22 
459 257 18 
459 263 15 
459 282 8 
459 293 4 
459 300 1 
459 316 0 
459 327 3 
459 341 8 
459 351 13 
459 369 23 
459 429 2 
460 156 4 
460 175 5 
460 219 10 
460 238 23 
460 248 22 
460 257 17 
460 263 14 
460 282 7 
460 293 3 
460 300 0 
460 316 1 
460 327 4 
460 341 9 
460 351 14 
460 368 23 
460 430 0 
461 132 0 
461 156 5 
461 175 5 
461 220 11 
461 237 23 
461 248 21 
461 257 16 
461 263 13 
461 282 6 
461 293 2 
461 317 2 
461 327 5 
461 341 9 
461 351 14 
461 367 24 
462 132 0 
462 156 5 
462 175 6 
462 220 12 
462 237 24 
462 248 20 
462 257 15 
462 263 13 
462 282 5 
462 293 1 
462 308 0 
462 317 3 
462 327 6 
462 341 10 
462 351 15 
462 366 24 
463 133 2 
463 156 6 
463 175 7 
463 221 13 
463 234 22 
463 235 23 
463 236 23 
463 237 24 
463 248 19 
463 257 15 
463 263 12 
463 282 4 
463 293 0 
463 308 1 
463 317 4 
463 327 7 
463 341 11 
463 351 16 
463 365 24 
464 133 3 
464 156 7 
464 175 8 
464 221 14 
464 233 22 
464 237 23 
464 248 18 
464 257 14 
464 263 11 
464 282 3 
464 308 2 
464 317 5 
464 327 8 
464 341 12 
464 351 17 
464 364 24 
465 133 3 
465 156 8 
465 175 9 
465 222 15 
465 232 22 
465 237 22 
465 248 17 
465 257 13 
465 263 10 
465 282 3 
465 308 3 
465 317 5 
465 327 9 
465 341 13 
465 351 18 
465 363 24 
466 133 4 
466 156 9 
466 175 10 
466 222 16 
466 232 22 
466 237 22 
466 248 16 
466 257 12 
466 263 9 
466 282 2 
466 297 0 
466 308 3 
466 317 6 
466 327 10 
466 341 14 
466 351 19 
466 362 24 
467 133 5 
467 156 10 
467 175 11 
467 223 18 
467 229 21 
467 230 22 
467 231 22 
467 232 23 
467 237 21 
467 248 15 
467 257 11 
467 263 8 
467 283 0 
467 297 1 
467 308 4 
467 317 7 
467 327 11 
467 341 15 
467 351 20 
467 361 25 
468 120 1 
468 121 2 
468 133 5 
468 156 11 
468 175 12 
468 223 19 
468 228 21 
468 232 23 
468 237 20 
468 248 14 
468 257 10 
468 263 7 
468 297 2 
468 308 5 
468 317 8 
468 327 12 
468 341 16 
468 351 21 
468 361 26 
469 122 4 
469 133 6 
469 156 12 
469 175 13 
469 224 20 
469 227 22 
469 232 22 
469 237 19 
469 248 13 
469 257 9 
469 263 6 
469 297 3 
469 308 6 
469 317 9 
469 327 13 
469 341 17 
469 351 22 
469 361 26 
470 123 5 
470 133 7 
470 156 13 
470 175 14 
470 224 21 
470 225 21 
470 226 22 
470 232 21 
470 237 18 
470 248 13 
470 257 9 
470 263 5 
470 288 0 
470 297 3 
470 308 7 
470 317 10 
470 327 14 
470 341 18 
470 351 22 
470 361 25 
471 124 6 
471 133 8 
471 156 13 
471 175 15 
471 224 22 
471 225 22 
471 232 20 
471 237 17 
471 248 12 
471 257 8 
471 263 5 
471 288 1 
471 297 4 
471 308 8 
471 317 11 
471 327 15 
471 341 19 
471 351 23 
471 359 27 
471 360 26 
471 361 25 
472 125 6 
472 126 6 
472 127 7 
472 128 8 
472 129 8 
472 130 8 
472 131 9 
472 132 9 
472 133 9 
472 134 9 
472 156 14 
472 175 16 
472 222 22 
472 223 22 
472 224 22 
472 225 23 
472 232 19 
472 237 16 
472 248 11 
472 257 7 
472 263 4 
472 289 2 
472 297 5 
472 308 9 
472 317 12 
472 327 16 
472 341 20 
472 351 24 
472 358 27 
472 362 24 
472 363 23 
472 364 22 
472 365 21 
472 366 20 
472 367 20 
472 368 19 
472 369 18 
472 370 17 
472 371 16 
472 372 15 
472 373 15 
472 374 14 
472 375 13 
472 376 13 
472 377 12 
472 378 11 
472 379 11 
472 380 10 
472 381 10 
472 382 10 
472 383 10 
472 384 9 
472 385 9 
472 386 8 
473 125 5 
473 135 10 
473 136 11 
473 156 15 
473 175 17 
473 221 22 
473 225 22 
473 232 18 
473 237 15 
473 248 10 
473 257 6 
473 263 3 
473 289 3 
473 297 6 
473 308 10 
473 317 13 
473 327 17 
473 341 21 
473 351 25 
473 357 27 
473 387 8 
474 125 4 
474 137 10 
474 138 11 
474 156 16 
474 175 18 
474 220 23 
474 225 21 
474 232 17 
474 237 15 
474 248 9 
474 257 5 
474 264 2 
474 289 4 
474 297 7 
474 308 11 
474 317 14 
474 327 18 
474 341 22 
474 351 26 
474 356 28 
474 388 7 
475 125 3 
475 139 11 
475 140 12 
475 156 17 
475 175 19 
475 219 23 
475 225 20 
475 232 17 
475 237 14 
475 248 8 
475 257 4 
475 265 0 
475 289 5 
475 297 8 
475 308 12 
475 317 15 
475 327 19 
475 341 23 
475 351 27 
475 355 28 
475 389 6 
476 125 3 
476 141 12 
476 142 13 
476 156 18 
476 175 20 
476 218 23 
476 225 19 
476 232 16 
476 237 13 
476 248 7 
476 257 3 
476 289 5 
476 297 9 
476 308 13 
476 317 16 
476 327 19 
476 341 24 
476 351 27 
476 352 28 
476 353 29 
476 354 29 
476 390 6 
477 125 2 
477 143 13 
477 144 14 
477 156 19 
477 175 21 
477 217 23 
477 225 19 
477 232 15 
477 237 13 
477 248 6 
477 257 3 
477 289 6 
477 297 9 
477 308 14 
477 317 17 
477 327 20 
477 341 25 
477 351 28 
477 390 6 
477 391 6 
477 392 6 
477 393 6 
478 125 2 
478 145 14 
478 146 15 
478 147 16 
478 148 17 
478 156 20 
478 175 22 
478 216 23 
478 225 18 
478 232 14 
478 237 12 
478 248 5 
478 257 2 
478 269 0 
478 289 7 
478 297 10 
478 308 15 
478 317 18 
478 327 21 
478 341 26 
478 351 29 
478 389 5 
478 394 6 
478 395 6 
478 396 6 
478 397 6 
478 398 5 
479 125 1 
479 149 18 
479 150 19 
479 156 21 
479 175 23 
479 215 23 
479 225 17 
479 232 13 
479 237 11 
479 248 5 
479 257 1 
479 269 1 
479 289 8 
479 297 11 
479 308 16 
479 317 19 
479 327 22 
479 341 27 
479 350 30 
479 389 4 
479 399 5 
479 400 5 
480 151 20 
480 152 21 
480 153 21 
480 154 22 
480 155 22 
480 156 22 
480 175 24 
480 214 22 
480 225 16 
480 232 13 
480 237 10 
480 248 4 
480 270 2 
480 289 9 
480 297 12 
480 308 17 
480 317 20 
480 327 23 
480 341 28 
480 349 30 
480 389 3 
480 401 5 
480 402 5 
480 403 5 
481 157 23 
481 175 25 
481 209 24 
481 210 23 
481 211 23 
481 212 22 
481 213 22 
481 225 15 
481 232 12 
481 237 9 
481 248 3 
481 270 3 
481 289 10 
481 297 13 
481 308 17 
481 317 21 
481 327 24 
481 341 29 
481 349 31 
481 389 3 
481 404 5 
481 405 5 
481 406 4 
481 407 4 
481 408 4 
481 409 4 
481 410 4 
481 411 4 
482 158 25 
482 175 26 
482 207 24 
482 208 24 
482 213 21 
482 225 15 
482 232 11 
482 237 8 
482 248 3 
482 270 4 
482 289 11 
482 297 14 
482 308 18 
482 317 22 
482 327 25 
482 341 30 
482 347 31 
482 348 32 
482 349 32 
482 389 2 
482 412 5 
482 413 5 
482 421 6 
482 422 6 
482 423 6 
482 424 6 
482 425 6 
482 426 6 
482 427 6 
482 428 6 
482 429 6 
482 430 6 
482 431 6 
482 432 6 
482 433 6 
483 159 25 
483 175 27 
483 205 25 
483 206 24 
483 213 20 
483 225 14 
483 232 10 
483 237 7 
483 248 2 
483 270 5 
483 289 12 
483 297 15 
483 308 19 
483 317 22 
483 327 26 
483 341 31 
483 346 32 
483 350 32 
483 351 31 
483 352 30 
483 353 29 
483 354 28 
483 355 27 
483 356 26 
483 357 25 
483 358 24 
483 359 23 
483 360 22 
483 361 21 
483 362 20 
483 363 19 
483 364 18 
483 365 17 
483 366 16 
483 367 15 
483 368 14 
483 369 13 
483 370 12 
483 371 11 
483 372 10 
483 373 9 
483 374 8 
483 375 7 
483 376 6 
483 377 5 
483 378 4 
483 379 3 
483 380 3 
483 381 2 
483 382 1 
483 383 0 
483 389 1 
483 414 5 
483 415 6 
483 416 6 
483 417 7 
483 418 7 
483 419 7 
483 420 7 
483 434 7 
483 435 7 
483 436 7 
483 437 7 
483 438 7 
483 439 6 
483 440 5 
484 160 26 
484 175 28 
484 203 25 
484 204 24 
484 213 19 
484 225 13 
484 232 9 
484 237 6 
484 249 0 
484 270 5 
484 289 13 
484 297 16 
484 308 20 
484 317 23 
484 327 27 
484 341 32 
484 345 33 
484 414 5 
484 415 5 
484 420 6 
484 434 6 
484 441 5 
485 161 26 
485 175 29 
485 201 25 
485 202 25 
485 213 18 
485 225 12 
485 232 8 
485 237 5 
485 270 6 
485 289 14 
485 297 17 
485 308 21 
485 317 24 
485 327 28 
485 342 33 
485 343 33 
485 344 33 
485 413 3 
485 414 4 
485 415 4 
485 420 5 
485 434 5 
485 442 6 
485 443 6 
485 444 5 
485 445 5 
485 446 5 
485 447 4 
485 448 4 
485 449 4 
485 450 4 
485 451 4 
485 452 4 
486 162 26 
486 175 30 
486 199 26 
486 200 25 
486 213 17 
486 225 11 
486 232 7 
486 237 5 
486 270 7 
486 289 15 
486 297 18 
486 308 22 
486 317 25 
486 327 29 
486 342 34 
486 412 2 
486 415 3 
486 420 4 
486 434 4 
486 453 5 
486 454 5 
486 455 5 
486 456 6 
486 457 6 
486 458 6 
486 459 6 
486 460 6 
486 461 6 
486 462 6 
486 463 6 
486 464 6 
486 465 6 
486 466 6 
486 467 6 
486 468 6 
486 469 6 
486 470 6 
486 471 5 
487 163 27 
487 175 31 
487 192 28 
487 193 28 
487 194 27 
487 195 27 
487 196 26 
487 197 26 
487 198 25 
487 213 17 
487 225 10 
487 232 6 
487 237 4 
487 270 8 
487 289 16 
487 297 19 
487 308 23 
487 317 26 
487 327 30 
487 342 35 
487 411 0 
487 415 3 
487 420 3 
487 434 3 
487 457 6 
487 472 5 
488 164 27 
488 175 32 
488 190 29 
488 191 28 
488 198 24 
488 213 16 
488 225 9 
488 232 5 
488 237 3 
488 270 9 
488 289 17 
488 297 20 
488 308 24 
488 317 27 
488 327 30 
488 341 35 
488 415 2 
488 420 2 
488 434 2 
488 457 5 
488 473 5 
489 165 28 
489 175 33 
489 186 30 
489 187 30 
489 188 29 
489 189 29 
489 198 23 
489 213 15 
489 225 9 
489 232 5 
489 237 2 
489 250 0 
489 270 10 
489 289 18 
489 297 21 
489 308 25 
489 317 28 
489 327 31 
489 341 36 
489 415 1 
489 420 1 
489 434 1 
489 457 5 
489 473 5 
489 474 5 
489 475 5 
489 476 5 
489 477 5 
489 478 5 
489 479 5 
489 480 5 
490 165 28 
490 166 29 
490 167 30 
490 168 31 
490 175 34 
490 184 31 
490 185 30 
490 198 22 
490 213 14 
490 225 8 
490 232 4 
490 238 1 
490 250 1 
490 270 11 
490 289 19 
490 297 22 
490 308 26 
490 317 29 
490 327 32 
490 340 37 
490 415 0 
490 420 0 
490 434 0 
490 457 4 
490 473 4 
490 481 6 
490 482 6 
490 483 5 
490 498 6 
490 499 6 
490 500 6 
490 501 6 
490 502 6 
490 503 6 
490 504 6 
490 505 6 
490 506 6 
490 507 6 
490 508 5 
490 509 5 
491 139 6 
491 140 6 
491 141 7 
491 142 8 
491 143 8 
491 144 9 
491 145 10 
491 146 10 
491 147 11 
491 148 12 
491 149 13 
491 150 14 
491 151 14 
491 152 15 
491 153 16 
491 154 17 
491 155 18 
491 156 19 
491 157 20 
491 158 21 
491 159 22 
491 160 23 
491 161 24 
491 162 25 
491 163 25 
491 164 26 
491 169 31 
491 175 35 
491 182 31 
491 183 30 
491 198 22 
491 213 13 
491 225 7 
491 232 3 
491 251 2 
491 270 12 
491 289 20 
491 297 22 
491 308 27 
491 317 30 
491 327 33 
491 340 38 
491 457 3 
491 473 3 
491 484 6 
491 485 6 
491 486 6 
491 487 6 
491 488 6 
491 489 6 
491 490 6 
491 491 6 
491 492 6 
491 493 6 
491 494 6 
491 495 7 
491 496 7 
491 497 7 
491 510 5 
492 138 5 
492 170 32 
492 175 34 
492 180 31 
492 181 31 
492 198 21 
492 213 13 
492 225 6 
492 232 3 
492 251 3 
492 270 13 
492 289 21 
492 297 23 
492 308 28 
492 317 31 
492 327 34 
492 339 38 
492 457 3 
492 473 2 
492 484 5 
492 497 6 
492 511 5 
493 137 3 
493 171 33 
493 172 34 
493 173 34 
493 174 34 
493 175 33 
493 179 31 
493 198 20 
493 213 12 
493 225 5 
493 232 2 
493 243 0 
493 252 5 
493 270 14 
493 289 22 
493 297 24 
493 308 29 
493 317 32 
493 327 35 
493 339 39 
493 457 2 
493 473 1 
493 484 4 
493 497 5 
493 511 5 
493 512 5 
493 513 5 
493 514 5 
493 515 5 
493 516 5 
493 517 5 
493 518 5 
493 519 5 
493 520 5 
493 521 4 
493 568 0 
494 136 2 
494 176 32 
494 177 31 
494 178 31 
494 198 19 
494 213 11 
494 225 5 
494 232 1 
494 243 1 
494 252 5 
494 270 15 
494 289 22 
494 297 25 
494 308 30 
494 317 32 
494 327 36 
494 339 40 
494 456 0 
494 458 0 
494 473 0 
494 484 3 
494 497 4 
494 511 4 
494 522 5 
494 523 5 
494 567 1 
495 176 31 
495 198 18 
495 213 10 
495 225 4 
495 244 2 
495 253 7 
495 270 15 
495 289 23 
495 297 26 
495 308 30 
495 317 33 
495 327 37 
495 338 41 
495 484 3 
495 497 3 
495 511 3 
495 524 5 
495 525 6 
495 526 6 
495 527 6 
495 528 6 
495 529 6 
495 530 6 
495 531 6 
495 532 6 
495 533 6 
495 534 7 
495 535 7 
495 536 6 
495 566 2 
496 176 30 
496 198 18 
496 213 9 
496 225 3 
496 244 3 
496 253 8 
496 270 16 
496 289 24 
496 297 27 
496 308 31 
496 317 34 
496 327 38 
496 337 41 
496 484 2 
496 497 2 
496 511 2 
496 524 5 
496 537 6 
496 538 5 
496 539 5 
496 540 5 
496 541 4 
496 542 4 
496 543 4 
496 565 3 
497 176 29 
497 198 17 
497 213 9 
497 226 2 
497 245 5 
497 253 8 
497 270 17 
497 289 25 
497 297 28 
497 308 32 
497 317 35 
497 327 39 
497 336 42 
497 484 1 
497 497 1 
497 511 1 
497 524 4 
497 537 5 
497 544 5 
497 564 4 
498 176 28 
498 198 16 
498 213 8 
498 227 0 
498 245 5 
498 253 9 
498 270 18 
498 289 26 
498 297 29 
498 308 33 
498 317 36 
498 327 40 
498 336 43 
498 484 0 
498 497 0 
498 511 0 
498 524 3 
498 537 4 
498 545 5 
498 546 5 
498 547 6 
498 548 6 
498 549 6 
498 550 6 
498 551 6 
498 563 5 
499 176 28 
499 198 15 
499 213 7 
499 214 6 
499 215 6 
499 245 6 
499 253 10 
499 270 19 
499 289 27 
499 297 30 
499 308 34 
499 317 37 
499 327 41 
499 336 44 
499 524 2 
499 537 3 
499 545 4 
499 552 7 
499 553 7 
499 554 7 
499 555 7 
499 556 7 
499 557 7 
499 558 7 
499 559 7 
499 560 7 
499 561 7 
499 562 6 
500 175 27 
500 198 14 
500 213 6 
500 216 5 
500 245 7 
500 253 11 
500 270 19 
500 289 28 
500 297 31 
500 308 35 
500 317 38 
500 327 42 
500 336 45 
500 524 1 
500 537 2 
500 545 3 
500 562 7 
501 134 0 
501 174 27 
501 198 14 
501 213 5 
501 217 3 
501 245 8 
501 253 12 
501 270 20 
501 289 29 
501 297 32 
501 308 36 
501 317 39 
501 327 43 
501 336 46 
501 524 1 
501 537 1 
501 544 2 
501 563 6 
502 134 1 
502 173 27 
502 198 13 
502 213 5 
502 218 2 
502 245 9 
502 253 13 
502 270 21 
502 289 30 
502 297 32 
502 308 37 
502 317 40 
502 327 44 
502 336 46 
502 337 45 
502 338 44 
502 339 43 
502 340 42 
502 341 41 
502 342 40 
502 343 39 
502 344 38 
502 345 37 
502 346 36 
502 347 35 
502 348 34 
502 349 33 
502 350 32 
502 351 31 
502 352 30 
502 353 29 
502 354 28 
502 355 27 
502 356 26 
502 357 25 
502 358 24 
502 359 23 
502 360 22 
502 361 21 
502 362 20 
502 363 19 
502 364 19 
502 365 18 
502 366 17 
502 367 16 
502 368 15 
502 369 14 
502 370 13 
502 371 12 
502 372 11 
502 373 10 
502 374 9 
502 375 8 
502 376 7 
502 377 6 
502 378 5 
502 379 5 
502 380 4 
502 381 3 
502 382 3 
502 383 2 
502 524 0 
502 537 0 
502 543 0 
502 564 5 
503 134 2 
503 172 27 
503 198 12 
503 199 11 
503 213 4 
503 219 0 
503 245 9 
503 253 13 
503 270 22 
503 289 30 
503 297 33 
503 308 38 
503 317 41 
503 327 44 
503 335 47 
503 565 3 
504 134 3 
504 171 28 
504 197 12 
504 200 10 
504 213 3 
504 245 10 
504 253 14 
504 270 23 
504 289 31 
504 297 34 
504 308 39 
504 317 42 
504 327 45 
504 334 48 
504 566 2 
504 567 1 
504 568 0 
505 134 3 
505 170 28 
505 197 11 
505 201 9 
505 214 2 
505 224 0 
505 245 11 
505 253 15 
505 270 24 
505 289 32 
505 297 35 
505 308 39 
505 317 43 
505 327 46 
505 333 48 
505 566 1 
506 134 4 
506 169 28 
506 197 10 
506 202 7 
506 215 0 
506 224 1 
506 245 12 
506 253 16 
506 270 25 
506 289 33 
506 297 36 
506 308 40 
506 317 44 
506 327 47 
506 332 49 
506 566 0 
507 134 5 
507 168 28 
507 197 9 
507 203 6 
507 225 2 
507 245 13 
507 253 17 
507 270 26 
507 289 34 
507 297 37 
507 308 41 
507 317 45 
507 327 48 
507 331 50 
508 109 0 
508 134 5 
508 167 29 
508 197 9 
508 204 5 
508 225 3 
508 245 14 
508 253 18 
508 270 26 
508 289 35 
508 297 38 
508 308 42 
508 317 46 
508 327 49 
508 331 50 
509 110 1 
509 134 6 
509 166 29 
509 197 8 
509 205 3 
509 225 4 
509 245 15 
509 253 19 
509 270 27 
509 289 36 
509 297 39 
509 308 43 
509 317 47 
509 327 50 
509 330 51 
510 110 1 
510 134 7 
510 165 29 
510 197 7 
510 198 6 
510 199 6 
510 206 2 
510 225 5 
510 245 15 
510 253 20 
510 270 28 
510 289 37 
510 297 40 
510 308 44 
510 317 48 
510 328 51 
510 329 52 
511 111 2 
511 134 8 
511 164 29 
511 197 6 
511 200 5 
511 207 0 
511 225 5 
511 245 16 
511 253 20 
511 270 29 
511 289 38 
511 297 41 
511 308 45 
511 317 49 
511 328 52 
512 111 3 
512 134 9 
512 163 28 
512 197 5 
512 201 3 
512 225 6 
512 245 17 
512 253 21 
512 270 30 
512 289 39 
512 297 42 
512 308 46 
512 317 50 
512 328 53 
513 111 3 
513 134 10 
513 162 28 
513 197 5 
513 202 2 
513 225 7 
513 245 18 
513 253 22 
513 270 31 
513 289 39 
513 297 43 
513 308 47 
513 317 50 
513 327 54 
514 101 0 
514 111 4 
514 134 11 
514 161 28 
514 197 4 
514 203 0 
514 225 8 
514 245 19 
514 253 23 
514 270 32 
514 289 40 
514 297 44 
514 308 48 
514 317 51 
514 327 55 
515 102 1 
515 111 5 
515 134 12 
515 160 28 
515 197 3 
515 225 9 
515 245 19 
515 253 24 
515 270 32 
515 289 41 
515 297 45 
515 308 49 
515 317 52 
515 326 55 
516 103 2 
516 111 6 
516 134 13 
516 159 27 
516 198 2 
516 208 0 
516 225 9 
516 245 20 
516 253 25 
516 270 33 
516 289 42 
516 297 46 
516 308 50 
516 317 53 
516 325 56 
517 104 3 
517 105 4 
517 106 5 
517 107 5 
517 108 5 
517 109 6 
517 110 7 
517 111 7 
517 134 14 
517 158 27 
517 199 0 
517 208 1 
517 225 10 
517 245 21 
517 253 26 
517 270 34 
517 289 43 
517 297 47 
517 308 51 
517 317 54 
517 324 56 
518 104 3 
518 112 8 
518 113 9 
518 134 15 
518 157 27 
518 209 2 
518 225 11 
518 245 22 
518 253 26 
518 270 35 
518 289 44 
518 297 47 
518 308 51 
518 317 55 
518 324 57 
519 104 3 
519 114 9 
519 115 10 
519 116 10 
519 117 11 
519 118 12 
519 119 13 
519 134 16 
519 156 27 
519 209 3 
519 225 12 
519 245 23 
519 253 27 
519 270 36 
519 278 40 
519 279 40 
519 280 41 
519 281 41 
519 282 42 
519 283 42 
519 284 43 
519 289 44 
519 297 47 
519 308 52 
519 317 56 
519 324 57 
520 103 2 
520 120 13 
520 121 14 
520 134 17 
520 155 27 
520 210 5 
520 225 13 
520 245 24 
520 253 28 
520 270 37 
520 275 39 
520 276 40 
520 277 40 
520 285 43 
520 286 43 
520 287 43 
520 288 43 
520 289 43 
520 297 46 
520 308 51 
520 317 56 
520 324 56 
520 388 0 
521 102 1 
521 122 15 
521 123 16 
521 134 18 
521 154 27 
521 210 5 
521 225 13 
521 245 25 
521 253 29 
521 270 38 
521 271 38 
521 272 39 
521 273 39 
521 274 40 
521 290 43 
521 291 43 
521 297 45 
521 308 50 
521 317 56 
521 324 55 
521 387 1 
522 124 17 
522 125 18 
522 134 19 
522 154 28 
522 210 6 
522 225 14 
522 245 25 
522 253 30 
522 270 39 
522 292 42 
522 293 43 
522 294 43 
522 297 44 
522 308 49 
522 317 55 
522 324 54 
522 386 3 
523 126 19 
523 134 20 
523 153 28 
523 210 7 
523 225 15 
523 245 26 
523 253 30 
523 269 39 
523 295 42 
523 296 43 
523 297 43 
523 298 43 
523 308 49 
523 317 54 
523 324 54 
523 386 4 
524 127 20 
524 134 21 
524 153 29 
524 196 0 
524 210 8 
524 225 16 
524 245 27 
524 253 31 
524 267 39 
524 268 39 
524 299 43 
524 300 43 
524 301 44 
524 308 48 
524 317 54 
524 324 53 
524 386 4 
525 128 20 
525 134 22 
525 153 30 
525 196 1 
525 210 8 
525 225 17 
525 245 28 
525 253 32 
525 266 39 
525 302 44 
525 303 44 
525 304 45 
525 308 47 
525 317 53 
525 324 52 
525 325 51 
525 326 51 
525 327 50 
525 328 50 
525 329 49 
525 330 49 
525 331 48 
525 332 48 
525 333 47 
525 334 47 
525 335 46 
525 336 46 
525 337 45 
525 338 45 
525 339 45 
525 340 44 
525 341 44 
525 342 44 
525 343 43 
525 344 43 
525 345 42 
525 346 41 
525 347 40 
525 348 39 
525 349 38 
525 350 37 
525 351 36 
525 352 35 
525 353 34 
525 354 33 
525 355 32 
525 356 31 
525 357 30 
525 358 29 
525 359 28 
525 360 27 
525 361 26 
525 362 25 
525 363 24 
525 364 23 
525 365 22 
525 366 21 
525 367 20 
525 368 19 
525 369 19 
525 370 18 
525 371 17 
525 372 16 
525 373 15 
525 374 14 
525 375 13 
525 376 12 
525 377 11 
525 378 10 
525 379 10 
525 380 9 
525 381 8 
525 382 8 
525 383 7 
525 384 6 
525 385 5 
525 386 5 
525 387 4 
525 388 3 
525 389 3 
525 390 2 
525 391 1 
526 129 21 
526 134 23 
526 153 31 
526 197 2 
526 210 9 
526 225 17 
526 245 29 
526 253 33 
526 264 39 
526 265 39 
526 305 44 
526 306 45 
526 307 45 
526 308 46 
526 317 52 
526 323 52 
527 130 23 
527 134 24 
527 153 32 
527 197 3 
527 210 10 
527 225 18 
527 245 29 
527 253 34 
527 263 39 
527 309 46 
527 310 47 
527 311 47 
527 317 51 
527 322 52 
528 131 24 
528 134 25 
528 153 32 
528 198 5 
528 210 11 
528 225 19 
528 245 30 
528 253 35 
528 262 38 
528 312 47 
528 313 48 
528 317 51 
528 322 51 
529 132 25 
529 133 26 
529 134 26 
529 153 33 
529 198 5 
529 210 12 
529 225 20 
529 245 31 
529 253 35 
529 261 38 
529 314 48 
529 315 49 
529 316 49 
529 317 50 
529 318 51 
529 319 52 
529 320 51 
529 321 51 
529 322 50 
530 134 27 
530 153 34 
530 198 6 
530 210 13 
530 225 20 
530 245 32 
530 253 36 
530 260 37 
530 319 51 
530 323 49 
530 324 48 
530 325 47 
530 326 47 
530 327 46 
530 328 45 
530 329 45 
530 330 44 
530 331 44 
530 332 43 
530 333 43 
530 334 42 
530 335 42 
530 336 41 
530 337 41 
530 338 40 
530 339 40 
530 340 39 
530 341 39 
530 342 39 
530 343 38 
530 344 38 
530 345 38 
530 346 38 
530 347 37 
530 348 37 
530 349 37 
530 350 37 
530 351 37 
530 352 36 
530 353 35 
530 354 34 
530 355 33 
531 134 27 
531 153 35 
531 198 7 
531 210 13 
531 225 21 
531 245 33 
531 253 37 
531 258 37 
531 259 37 
531 319 50 
531 356 33 
532 134 27 
532 153 36 
532 198 8 
532 210 14 
532 225 22 
532 245 34 
532 253 38 
532 257 37 
532 319 50 
532 357 32 
533 134 27 
533 153 37 
533 198 9 
533 210 15 
533 225 23 
533 245 34 
533 253 38 
533 254 38 
533 255 37 
533 256 37 
533 319 49 
533 357 33 
534 134 28 
534 153 38 
534 198 9 
534 210 15 
534 225 24 
534 245 35 
534 253 37 
534 319 48 
534 358 32 
535 134 28 
535 153 39 
535 198 10 
535 210 16 
535 225 25 
535 245 36 
535 253 36 
535 319 48 
535 359 32 
535 362 29 
535 363 29 
535 364 28 
535 365 27 
535 366 26 
535 367 25 
535 368 24 
535 369 23 
535 370 22 
535 371 21 
535 372 20 
535 373 19 
535 374 18 
535 375 17 
535 376 17 
535 377 16 
535 378 15 
535 379 14 
535 380 13 
535 381 13 
535 382 12 
535 383 11 
535 384 10 
535 385 9 
535 386 8 
535 387 7 
535 388 6 
535 389 5 
535 390 4 
535 391 3 
535 392 2 
535 393 1 
535 394 0 
536 134 28 
536 153 39 
536 198 11 
536 210 17 
536 225 26 
536 245 37 
536 252 36 
536 319 47 
536 360 31 
536 361 30 
537 134 29 
537 151 39 
537 152 40 
537 153 40 
537 154 41 
537 155 40 
537 156 39 
537 198 12 
537 210 18 
537 225 26 
537 245 38 
537 251 36 
537 319 46 
537 320 45 
537 321 45 
537 361 30 
538 96 0 
538 134 29 
538 150 39 
538 157 38 
538 158 37 
538 198 13 
538 210 19 
538 225 27 
538 245 39 
538 250 35 
538 318 45 
538 322 43 
538 361 29 
539 97 1 
539 98 2 
539 99 3 
539 134 30 
539 149 40 
539 159 37 
539 160 36 
539 198 14 
539 210 20 
539 225 28 
539 245 38 
539 246 37 
539 247 37 
539 248 36 
539 249 35 
539 318 45 
539 323 42 
539 361 28 
540 100 4 
540 101 5 
540 102 5 
540 103 6 
540 104 7 
540 105 8 
540 106 8 
540 107 9 
540 108 10 
540 109 10 
540 110 11 
540 111 12 
540 112 13 
540 113 13 
540 114 14 
540 115 15 
540 116 15 
540 117 16 
540 118 17 
540 119 17 
540 120 18 
540 121 19 
540 122 20 
540 123 20 
540 124 21 
540 125 22 
540 126 23 
540 127 24 
540 128 25 
540 129 26 
540 130 26 
540 131 27 
540 132 28 
540 133 29 
540 134 30 
540 135 31 
540 136 32 
540 137 33 
540 138 33 
540 139 34 
540 140 34 
540 141 34 
540 142 35 
540 143 35 
540 144 36 
540 145 37 
540 146 37 
540 147 38 
540 148 38 
540 161 35 
540 162 34 
540 198 15 
540 210 21 
540 225 29 
540 245 37 
540 318 44 
540 324 40 
540 362 27 
541 122 20 
541 147 37 
541 163 34 
541 164 33 
541 165 32 
541 166 32 
541 198 16 
541 210 22 
541 225 30 
541 245 37 
541 318 44 
541 325 39 
541 362 26 
542 122 21 
542 147 36 
542 167 31 
542 168 30 
542 198 17 
542 210 22 
542 225 31 
542 244 37 
542 318 43 
542 326 38 
542 362 25 
543 122 22 
543 147 35 
543 169 30 
543 170 30 
543 198 18 
543 210 23 
543 225 32 
543 243 37 
543 318 42 
543 327 36 
543 362 24 
544 116 18 
544 117 19 
544 118 20 
544 119 20 
544 120 21 
544 121 22 
544 147 35 
544 171 29 
544 172 29 
544 198 19 
544 210 24 
544 225 33 
544 242 37 
544 318 42 
544 328 35 
544 362 23 
545 114 17 
545 115 18 
545 121 22 
545 147 34 
545 173 29 
545 174 28 
545 198 20 
545 210 25 
545 225 33 
545 241 37 
545 318 41 
545 329 34 
545 362 22 
546 112 17 
546 113 17 
546 121 21 
546 147 33 
546 175 28 
546 176 27 
546 198 21 
546 210 26 
546 225 34 
546 239 37 
546 240 37 
546 318 40 
546 330 32 
546 363 22 
547 110 15 
547 111 16 
547 121 20 
547 147 32 
547 177 28 
547 178 27 
547 198 22 
547 210 27 
547 225 35 
547 238 38 
547 318 40 
547 331 31 
547 363 21 
548 107 13 
548 108 13 
548 109 14 
548 121 19 
548 147 32 
548 179 27 
548 180 27 
548 198 23 
548 210 28 
548 225 36 
548 237 38 
548 318 39 
548 332 29 
548 364 20 
549 105 11 
549 106 12 
549 121 18 
549 147 31 
549 181 27 
549 198 24 
549 210 29 
549 225 37 
549 236 38 
549 318 38 
549 333 28 
549 364 19 
550 104 11 
550 121 17 
550 147 30 
550 182 27 
550 198 25 
550 210 29 
550 225 37 
550 235 38 
550 318 38 
550 334 27 
550 365 19 
551 103 11 
551 121 16 
551 147 29 
551 183 28 
551 198 26 
551 210 30 
551 225 38 
551 233 39 
551 234 39 
551 318 37 
551 335 25 
551 365 18 
552 103 12 
552 121 15 
552 147 29 
552 184 28 
552 198 27 
552 210 31 
552 225 39 
552 232 40 
552 318 37 
552 336 24 
552 366 17 
553 100 10 
553 101 11 
553 102 12 
553 103 13 
553 121 14 
553 147 28 
553 185 29 
553 198 28 
553 210 32 
553 225 40 
553 231 40 
553 318 36 
553 337 22 
553 366 17 
554 99 10 
554 103 12 
554 121 13 
554 147 27 
554 186 30 
554 198 29 
554 210 33 
554 225 40 
554 230 41 
554 318 35 
554 338 21 
554 367 16 
555 93 7 
555 94 8 
555 95 8 
555 96 9 
555 97 10 
555 98 10 
555 99 10 
555 103 11 
555 121 12 
555 147 27 
555 187 30 
555 198 30 
555 210 34 
555 225 41 
555 226 42 
555 227 43 
555 228 42 
555 229 41 
555 230 40 
555 318 35 
555 339 20 
555 367 15 
556 92 7 
556 99 9 
556 103 10 
556 121 11 
556 147 26 
556 188 29 
556 198 31 
556 210 34 
556 224 42 
556 230 40 
556 318 34 
556 340 18 
556 368 15 
557 90 6 
557 91 7 
557 99 9 
557 103 9 
557 121 10 
557 147 25 
557 189 29 
557 198 32 
557 210 35 
557 223 42 
557 230 40 
557 318 34 
557 341 17 
557 368 15 
558 89 6 
558 99 8 
558 103 8 
558 121 9 
558 147 25 
558 190 28 
558 198 32 
558 210 36 
558 222 42 
558 230 39 
558 318 34 
558 342 15 
558 368 14 
558 369 15 
558 370 15 
559 80 0 
559 81 1 
559 88 6 
559 99 7 
559 103 7 
559 121 8 
559 147 24 
559 191 27 
559 198 31 
559 210 37 
559 220 42 
559 221 43 
559 230 39 
559 318 33 
559 343 14 
559 367 13 
559 371 15 
560 82 2 
560 83 3 
560 84 4 
560 85 5 
560 86 5 
560 87 6 
560 88 7 
560 99 6 
560 103 6 
560 121 7 
560 147 23 
560 192 27 
560 193 27 
560 198 30 
560 210 38 
560 219 43 
560 230 39 
560 318 33 
560 344 13 
560 366 11 
560 371 15 
561 83 3 
561 88 6 
561 99 5 
561 103 5 
561 121 6 
561 147 23 
561 194 27 
561 195 27 
561 196 28 
561 197 29 
561 198 29 
561 199 30 
561 210 37 
561 219 43 
561 230 38 
561 318 32 
561 345 11 
561 365 10 
561 372 15 
562 83 3 
562 88 5 
562 99 5 
562 103 4 
562 121 5 
562 147 22 
562 200 30 
562 201 30 
562 202 31 
562 203 32 
562 204 32 
562 210 37 
562 217 42 
562 218 43 
562 230 38 
562 318 32 
562 346 10 
562 364 8 
562 372 15 
563 82 2 
563 88 4 
563 99 4 
563 103 3 
563 121 5 
563 147 21 
563 205 32 
563 206 33 
563 207 34 
563 208 35 
563 209 35 
563 210 36 
563 211 37 
563 216 41 
563 230 37 
563 318 32 
563 347 9 
563 363 7 
563 373 14 
564 81 1 
564 88 3 
564 97 2 
564 98 2 
564 99 3 
564 103 3 
564 121 4 
564 147 21 
564 212 37 
564 213 38 
564 214 39 
564 215 40 
564 230 36 
564 318 32 
564 348 7 
564 362 5 
564 373 14 
564 374 13 
564 375 12 
564 376 11 
564 377 10 
564 378 10 
564 379 9 
564 380 8 
564 381 8 
564 382 7 
564 383 6 
564 384 5 
564 385 5 
564 386 4 
564 387 3 
564 388 3 
564 389 2 
564 390 2 
564 391 2 
565 88 3 
565 96 0 
565 99 2 
565 103 2 
565 121 3 
565 147 20 
565 214 38 
565 230 35 
565 318 31 
565 349 6 
565 361 4 
565 373 13 
565 392 0 
566 88 2 
566 99 1 
566 103 1 
566 121 3 
566 147 20 
566 214 38 
566 230 35 
566 318 31 
566 350 5 
566 358 1 
566 359 2 
566 360 3 
566 373 13 
567 87 0 
567 89 0 
567 99 0 
567 103 0 
567 121 2 
567 147 19 
567 214 37 
567 230 34 
567 317 32 
567 351 3 
567 357 0 
567 360 2 
567 373 12 
568 146 18 
568 147 19 
568 214 37 
568 230 33 
568 317 32 
568 352 2 
568 360 1 
568 373 12 
569 145 17 
569 148 18 
569 214 36 
569 230 32 
569 316 33 
569 353 0 
569 359 0 
569 373 11 
570 144 15 
570 148 17 
570 214 36 
570 230 32 
570 316 33 
570 373 11 
571 143 14 
571 148 16 
571 214 35 
571 230 31 
571 231 30 
571 232 29 
571 233 29 
571 316 33 
571 373 10 
572 142 13 
572 148 15 
572 214 35 
572 230 30 
572 234 27 
572 316 32 
572 373 10 
573 142 13 
573 148 14 
573 214 35 
573 230 29 
573 235 26 
573 236 25 
573 237 25 
573 238 24 
573 239 24 
573 240 23 
573 241 22 
573 242 21 
573 243 20 
573 244 20 
573 245 19 
573 246 18 
573 247 17 
573 248 17 
573 249 16 
573 250 15 
573 251 15 
573 252 14 
573 253 13 
573 254 12 
573 255 11 
573 256 10 
573 257 9 
573 258 8 
573 259 7 
573 260 6 
573 261 5 
573 262 4 
573 263 3 
573 264 3 
573 265 2 
573 266 1 
573 267 0 
573 316 33 
573 373 9 
574 142 13 
574 148 13 
574 214 34 
574 230 29 
574 235 25 
574 315 33 
574 316 32 
574 317 31 
574 318 30 
574 319 29 
574 320 28 
574 321 27 
574 322 26 
574 323 25 
574 324 24 
574 325 23 
574 326 22 
574 327 21 
574 328 20 
574 329 19 
574 330 18 
574 331 17 
574 332 16 
574 333 15 
574 334 14 
574 335 13 
574 336 12 
574 337 11 
574 338 10 
574 339 9 
574 340 8 
574 341 7 
574 342 6 
574 343 5 
574 344 4 
574 345 3 
574 346 2 
574 347 1 
574 348 0 
574 349 0 
574 374 9 
575 142 12 
575 148 13 
575 214 34 
575 230 28 
575 235 25 
575 314 33 
575 374 8 
576 142 12 
576 148 12 
576 214 34 
576 230 27 
576 235 24 
576 278 0 
576 279 1 
576 280 2 
576 281 3 
576 282 3 
576 283 4 
576 284 5 
576 285 6 
576 286 7 
576 287 8 
576 288 9 
576 289 9 
576 290 10 
576 291 11 
576 292 12 
576 293 13 
576 294 14 
576 295 15 
576 296 16 
576 297 17 
576 298 18 
576 299 19 
576 300 19 
576 301 20 
576 302 21 
576 303 22 
576 304 23 
576 305 24 
576 306 25 
576 307 26 
576 308 27 
576 309 28 
576 310 29 
576 311 30 
576 312 31 
576 313 32 
576 314 33 
576 374 8 
577 142 12 
577 148 11 
577 214 33 
577 230 27 
577 236 22 
577 314 33 
577 375 8 
578 141 11 
578 148 10 
578 214 32 
578 230 26 
578 236 22 
578 314 33 
578 375 7 
579 141 11 
579 148 9 
579 214 31 
579 230 25 
579 236 21 
579 314 33 
579 375 7 
580 140 10 
580 148 8 
580 214 30 
580 230 25 
580 237 20 
580 238 19 
580 239 18 
580 240 17 
580 241 17 
580 242 16 
580 243 15 
580 244 15 
580 245 14 
580 246 14 
580 247 13 
580 248 13 
580 249 12 
580 250 11 
580 251 10 
580 252 9 
580 253 8 
580 254 8 
580 255 7 
580 256 6 
580 257 5 
580 258 5 
580 259 4 
580 260 3 
580 261 3 
580 262 2 
580 263 1 
580 264 0 
580 314 33 
580 376 7 
581 140 9 
581 148 8 
581 214 29 
581 230 24 
581 237 19 
581 250 10 
581 314 33 
581 377 7 
582 138 8 
582 139 9 
582 140 8 
582 148 7 
582 214 28 
582 230 23 
582 237 18 
582 250 10 
582 314 32 
582 377 6 
583 137 7 
583 141 7 
583 148 6 
583 214 27 
583 230 22 
583 237 17 
583 251 8 
583 314 31 
583 377 6 
584 136 6 
584 141 6 
584 148 5 
584 214 26 
584 230 21 
584 237 17 
584 252 7 
584 313 31 
584 314 30 
584 315 30 
584 316 30 
584 317 29 
584 318 29 
584 319 28 
584 320 27 
584 321 26 
584 322 25 
584 323 24 
584 324 23 
584 325 22 
584 326 21 
584 327 20 
584 328 19 
584 329 18 
584 330 17 
584 331 16 
584 332 15 
584 333 14 
584 334 13 
584 335 12 
584 336 11 
584 337 10 
584 338 9 
584 339 8 
584 340 7 
584 341 6 
584 342 5 
584 343 5 
584 344 4 
584 345 3 
584 346 3 
584 347 2 
584 348 1 
584 349 0 
584 378 6 
585 135 5 
585 141 5 
585 148 5 
585 214 26 
585 230 20 
585 237 16 
585 253 5 
585 312 30 
585 316 29 
585 378 6 
586 134 4 
586 141 4 
586 148 4 
586 213 25 
586 230 19 
586 237 15 
586 254 4 
586 311 30 
586 316 28 
586 379 7 
587 133 3 
587 141 3 
587 148 3 
587 213 24 
587 230 18 
587 237 15 
587 255 3 
587 256 2 
587 257 1 
587 258 0 
587 310 29 
587 317 26 
587 379 6 
588 132 2 
588 141 3 
588 148 3 
588 212 24 
588 230 17 
588 237 14 
588 255 2 
588 309 29 
588 318 25 
588 379 6 
589 131 1 
589 141 2 
589 147 2 
589 148 2 
589 212 23 
589 230 16 
589 237 14 
589 255 2 
589 272 0 
589 308 28 
589 319 24 
589 379 5 
590 130 0 
590 141 1 
590 146 0 
590 149 0 
590 211 23 
590 230 15 
590 237 13 
590 256 0 
590 272 0 
590 307 28 
590 320 23 
590 379 5 
591 141 0 
591 211 22 
591 230 14 
591 237 13 
591 272 1 
591 306 27 
591 321 22 
591 379 4 
591 380 5 
592 210 22 
592 230 13 
592 237 12 
592 270 0 
592 271 1 
592 272 2 
592 273 3 
592 305 27 
592 322 21 
592 378 3 
592 381 4 
593 181 0 
593 182 0 
593 183 1 
593 184 2 
593 185 3 
593 186 4 
593 187 5 
593 188 6 
593 189 7 
593 190 8 
593 191 9 
593 192 10 
593 193 11 
593 194 12 
593 195 13 
593 196 14 
593 197 15 
593 198 16 
593 199 17 
593 200 18 
593 201 19 
593 202 20 
593 203 21 
593 204 22 
593 205 23 
593 206 24 
593 207 23 
593 208 22 
593 209 22 
593 230 12 
593 237 12 
593 274 4 
593 275 5 
593 276 5 
593 277 6 
593 278 7 
593 279 8 
593 280 8 
593 281 9 
593 282 10 
593 283 10 
593 284 11 
593 285 12 
593 286 13 
593 287 13 
593 288 14 
593 289 15 
593 290 15 
593 291 16 
593 292 17 
593 293 18 
593 294 18 
593 295 19 
593 296 20 
593 297 21 
593 298 22 
593 299 22 
593 300 23 
593 301 24 
593 302 25 
593 303 26 
593 304 27 
593 323 20 
593 378 2 
593 382 3 
594 208 22 
594 230 11 
594 236 11 
594 237 11 
594 303 26 
594 323 19 
594 377 1 
594 382 2 
595 208 21 
595 230 10 
595 235 10 
595 238 10 
595 303 25 
595 324 17 
595 383 0 
596 208 20 
596 230 9 
596 235 9 
596 239 9 
596 303 25 
596 325 17 
596 326 16 
596 327 15 
596 328 14 
596 329 14 
596 330 13 
596 331 12 
596 332 11 
596 333 10 
596 334 9 
596 335 9 
596 336 8 
596 337 7 
596 338 6 
596 339 5 
596 340 5 
596 341 4 
596 342 3 
596 343 2 
596 344 1 
596 345 0 
597 207 21 
597 208 20 
597 230 8 
597 235 8 
597 239 9 
597 302 25 
597 325 16 
597 343 1 
598 206 21 
598 209 19 
598 230 7 
598 235 7 
598 240 8 
598 302 24 
598 325 15 
598 343 1 
599 205 22 
599 209 18 
599 230 6 
599 235 6 
599 241 6 
599 242 5 
599 243 5 
599 244 4 
599 245 3 
599 246 2 
599 247 1 
599 248 0 
599 301 24 
599 325 14 
599 344 0 
600 204 22 
600 209 17 
600 230 5 
600 235 5 
600 241 5 
600 301 23 
600 325 13 
600 326 12 
600 327 13 
600 328 13 
601 203 20 
601 209 17 
601 230 4 
601 235 4 
601 241 5 
601 300 23 
601 325 12 
601 329 12 
602 203 20 
602 209 17 
602 230 3 
602 235 3 
602 241 4 
602 300 23 
602 325 11 
602 330 11 
602 331 10 
602 332 9 
602 333 8 
602 334 7 
602 335 6 
602 336 5 
602 337 4 
602 338 3 
602 339 2 
602 340 1 
602 341 0 
603 202 19 
603 209 16 
603 230 3 
603 235 2 
603 242 3 
603 299 23 
603 325 10 
603 330 10 
604 202 18 
604 209 16 
604 230 2 
604 235 1 
604 242 2 
604 299 22 
604 325 9 
604 330 9 
605 183 2 
605 184 3 
605 185 3 
605 186 4 
605 187 5 
605 188 5 
605 189 6 
605 190 7 
605 191 8 
605 192 9 
605 193 9 
605 194 10 
605 195 11 
605 196 12 
605 197 13 
605 198 14 
605 199 15 
605 200 16 
605 201 17 
605 209 15 
605 230 2 
605 235 1 
605 242 1 
605 298 23 
605 325 8 
605 330 9 
606 182 1 
606 201 17 
606 209 15 
606 231 0 
606 235 0 
606 242 0 
606 298 22 
606 325 7 
606 330 8 
607 201 17 
607 209 15 
607 297 23 
607 325 6 
607 331 8 
608 201 17 
608 209 14 
608 297 22 
608 325 5 
608 332 8 
609 201 16 
609 209 13 
609 296 23 
609 325 4 
609 333 7 
610 201 15 
610 209 13 
610 295 24 
610 325 3 
610 334 6 
611 200 14 
611 201 14 
611 210 11 
611 294 24 
611 324 1 
611 325 2 
611 335 5 
612 199 13 
612 202 13 
612 211 10 
612 293 24 
612 323 1 
612 326 0 
612 336 4 
613 198 13 
613 202 12 
613 212 8 
613 292 23 
613 323 1 
613 326 0 
613 337 3 
614 197 12 
614 202 11 
614 213 7 
614 214 6 
614 215 5 
614 216 5 
614 217 4 
614 218 3 
614 219 3 
614 220 2 
614 221 1 
614 222 0 
614 291 23 
614 323 0 
614 338 1 
615 196 10 
615 202 10 
615 213 6 
615 266 2 
615 267 3 
615 290 22 
616 196 10 
616 202 9 
616 213 5 
616 268 4 
616 269 5 
616 270 6 
616 271 7 
616 272 8 
616 273 8 
616 274 9 
616 275 10 
616 276 10 
616 277 11 
616 278 12 
616 279 13 
616 280 14 
616 281 14 
616 282 15 
616 283 16 
616 284 17 
616 285 18 
616 286 19 
616 287 20 
616 288 21 
616 289 22 
616 290 22 
617 195 9 
617 202 8 
617 213 5 
617 290 22 
618 195 9 
618 202 7 
618 213 5 
618 290 22 
619 194 7 
619 202 6 
619 214 3 
619 290 21 
620 194 8 
620 202 5 
620 214 3 
620 290 20 
621 193 7 
621 202 4 
621 215 1 
621 289 20 
621 290 19 
621 291 19 
621 292 18 
621 293 17 
621 294 17 
621 295 17 
621 296 16 
621 297 16 
621 298 16 
621 299 15 
621 300 15 
621 301 14 
621 302 13 
622 192 6 
622 202 3 
622 288 20 
622 303 12 
623 182 0 
623 183 1 
623 191 6 
623 202 3 
623 288 19 
623 304 10 
624 184 2 
624 185 3 
624 186 4 
624 187 5 
624 188 5 
624 189 5 
624 190 6 
624 202 2 
624 287 19 
624 288 18 
624 305 9 
625 189 6 
625 202 1 
625 286 19 
625 289 17 
625 306 8 
626 189 7 
626 264 1 
626 265 2 
626 266 3 
626 267 3 
626 268 4 
626 269 5 
626 270 6 
626 271 7 
626 272 8 
626 273 9 
626 274 10 
626 275 11 
626 276 12 
626 277 13 
626 278 14 
626 279 15 
626 280 16 
626 281 17 
626 282 18 
626 283 19 
626 284 20 
626 285 19 
626 289 16 
626 306 7 
627 189 6 
627 263 0 
627 285 19 
627 289 15 
627 306 6 
628 189 5 
628 285 18 
628 289 15 
628 306 5 
629 189 5 
629 285 17 
629 289 14 
629 306 5 
630 187 5 
630 188 5 
630 189 4 
630 284 17 
630 289 14 
630 306 4 
631 186 4 
631 189 3 
631 282 17 
631 283 17 
631 289 13 
631 306 3 
632 185 3 
632 189 3 
632 281 17 
632 289 12 
632 306 3 
633 184 2 
633 189 2 
633 280 16 
633 289 11 
633 306 2 
634 183 1 
634 189 1 
634 262 0 
634 263 0 
634 264 1 
634 265 2 
634 266 3 
634 267 4 
634 268 5 
634 269 6 
634 270 7 
634 271 8 
634 272 9 
634 273 9 
634 274 10 
634 275 11 
634 276 12 
634 277 13 
634 278 14 
634 279 15 
634 289 10 
634 290 10 
634 291 9 
634 292 9 
634 306 1 
635 182 0 
635 190 0 
635 277 13 
635 289 10 
635 293 8 
636 277 14 
636 289 9 
636 294 6 
637 277 14 
637 289 8 
637 295 5 
638 277 14 
638 289 8 
638 296 4 
639 276 13 
639 289 7 
639 297 2 
639 298 2 
640 276 12 
640 289 6 
640 299 0 
641 276 11 
641 289 5 
642 273 11 
642 274 11 
642 275 11 
642 276 10 
642 289 5 
643 272 10 
643 276 9 
643 289 4 
644 271 9 
644 276 9 
644 289 3 
645 270 9 
645 276 8 
645 289 3 
646 269 8 
646 276 7 
646 289 2 
647 259 0 
647 260 1 
647 268 7 
647 276 6 
647 289 1 
648 261 2 
648 262 3 
648 263 4 
648 264 5 
648 265 5 
648 266 6 
648 267 7 
648 276 5 
648 289 0 
649 267 7 
649 276 5 
650 267 6 
650 276 4 
651 267 5 
651 276 3 
651 277 2 
651 278 2 
652 267 4 
652 276 2 
652 279 0 
653 267 3 
653 276 1 
654 267 3 
654 276 0 
655 266 2 
655 267 2 
656 265 0 
656 268 0 
