40 40 0
	232 256 41 
		3
			12
				0 232 289 8 
				0 248 285 8 
				1 255 272 8 
				1 264 254 8 
				0 262 243 8 
				1 256 236 8 
				0 237 224 8 
				0 221 225 8 
				1 209 234 8 
				0 200 248 8 
				0 200 264 8 
				0 208 278 8 
			6
				1 226 280 8 
				1 239 268 8 
				1 247 254 8 
				1 229 234 8 
				0 219 245 8 
				1 207 257 8 
			1
				1 225 257 8 
	74 263 35 
		2
			10
				1 72 289 8 
				0 89 285 8 
				1 89 274 8 
				0 100 257 8 
				1 93 245 8 
				0 77 236 8 
				0 62 239 8 
				1 55 253 8 
				1 54 269 8 
				0 54 281 8 
			3
				0 74 274 8 
				0 85 262 8 
				1 74 261 8 
	231 113 38 
		2
			11
				0 231 143 8 
				0 246 138 8 
				1 257 127 8 
				1 260 108 8 
				0 255 96 8 
				0 243 86 8 
				1 229 93 8 
				1 207 96 8 
				0 203 103 8 
				0 202 119 8 
				1 217 120 8 
			4
				1 235 126 8 
				0 244 117 8 
				0 239 102 8 
				0 223 102 8 
	173 98 40 
		2
			12
				0 173 130 8 
				0 188 126 8 
				1 196 119 8 
				0 205 99 8 
				0 201 83 8 
				0 190 72 8 
				1 180 68 8 
				0 159 69 8 
				1 145 84 8 
				0 142 95 8 
				0 144 111 8 
				0 154 123 8 
			5
				1 170 120 8 
				0 187 105 8 
				1 187 93 8 
				0 172 82 8 
				1 168 99 8 
	143 197 33 
		2
			9
				0 143 222 8 
				0 158 217 8 
				0 167 203 8 
				1 162 185 8 
				0 155 175 8 
				1 143 177 8 
				0 125 180 8 
				1 125 190 8 
				1 128 213 8 
			2
				1 147 203 8 
				0 150 191 8 
	80 147 35 
		2
			10
				0 80 174 8 
				1 96 165 8 
				0 105 156 8 
				1 100 143 8 
				0 97 127 8 
				0 83 120 8 
				1 75 126 8 
				0 56 135 8 
				0 54 151 8 
				0 61 165 8 
			3
				1 77 165 8 
				0 91 146 8 
				1 69 147 8 
	46 48 38 
		2
			11
				1 39 72 8 
				1 55 75 8 
				0 72 62 8 
				0 76 46 8 
				1 66 37 8 
				0 58 21 8 
				1 43 20 8 
				0 28 24 8 
				0 18 37 8 
				0 17 53 8 
				0 23 68 8 
			5
				0 46 62 8 
				0 59 53 8 
				0 55 37 8 
				0 39 36 8 
				1 34 46 8 
	157 41 26 
		2
			6
				1 157 54 8 
				1 174 48 8 
				0 175 37 8 
				0 165 24 8 
				0 149 24 8 
				1 141 43 8 
			1
				1 162 36 8 
	90 94 22 
		1
			5
				1 93 106 8 
				0 103 99 8 
				1 103 91 8 
				1 84 82 8 
				0 76 95 8 
	243 83 25 
		2
			6
				0 243 100 8 
				0 257 93 8 
				0 260 77 8 
				1 254 70 8 
				1 232 73 8 
				0 226 84 8 
			1
				1 250 87 8 
	34 224 26 
		2
			6
				0 34 242 8 
				1 42 231 8 
				0 51 219 8 
				1 34 213 8 
				0 25 209 8 
				1 18 232 8 
			1
				0 34 224 8 
	125 263 28 
		2
			7
				0 125 283 8 
				1 136 275 8 
				0 145 261 8 
				1 132 255 8 
				0 121 244 8 
				0 108 253 8 
				1 107 269 8 
			1
				0 125 263 8 
	241 31 19 
		1
			3
				1 237 41 8 
				1 248 28 8 
				0 239 20 8 
	253 157 20 
		1
			4
				0 253 169 8 
				1 265 157 8 
				0 257 145 8 
				1 243 156 8 
	183 196 23 
		1
			5
				1 180 208 8 
				0 197 203 8 
				1 190 187 8 
				0 181 181 8 
				0 168 191 8 
	37 148 24 
		1
			5
				1 38 162 8 
				0 51 156 8 
				0 50 140 8 
				0 36 132 8 
				1 34 145 8 
	113 229 26 
		2
			6
				0 113 247 8 
				0 127 240 8 
				1 130 231 8 
				0 119 212 8 
				0 104 214 8 
				0 95 227 8 
			1
				1 109 228 8 
	102 174 27 
		2
			7
				0 102 193 8 
				0 117 186 8 
				1 118 170 8 
				0 111 158 8 
				0 96 156 8 
				0 84 168 8 
				1 86 183 8 
			1
				0 102 174 8 
	206 218 28 
		2
			7
				0 206 238 8 
				0 221 231 8 
				0 226 216 8 
				1 214 201 8 
				0 202 199 8 
				0 189 208 8 
				0 187 224 8 
			1
				1 199 221 8 
	17 98 9 
		1
			1
				1 18 98 8 
	265 18 10 
		1
			1
				1 264 18 8 
	23 82 12 
		1
			1
				1 19 82 8 
	25 123 12 
		1
			1
				1 29 122 8 
	213 22 14 
		1
			1
				1 213 25 8 
	262 289 14 
		1
			1
				1 258 289 8 
	175 172 14 
		1
			1
				1 173 169 8 
	259 199 14 
		1
			1
				1 264 202 8 
	186 160 15 
		1
			1
				1 190 155 8 
	254 209 15 
		1
			1
				1 250 211 8 
	257 186 16 
		1
			1
				1 259 179 8 
	187 29 16 
		1
			2
				0 187 37 8 
				1 187 25 8 
	191 283 17 
		1
			2
				1 190 292 8 
				0 199 278 8 
	181 282 17 
		1
			3
				0 181 291 8 
				1 183 273 8 
				0 174 276 8 
	101 190 18 
		1
			3
				1 95 198 8 
				0 111 187 8 
				0 96 181 8 
	137 31 20 
		1
			4
				0 137 43 8 
				0 149 32 8 
				0 139 19 8 
				1 129 23 8 
	167 280 20 
		1
			4
				0 167 292 8 
				0 179 282 8 
				0 171 268 8 
				1 156 276 8 
	116 30 22 
		1
			4
				1 115 43 8 
				0 129 34 8 
				0 124 19 8 
				0 108 19 8 
	95 36 22 
		1
			5
				1 89 44 8 
				0 108 41 8 
				0 104 25 8 
				0 88 24 8 
				0 81 39 8 
	31 67 22 
		1
			5
				0 31 81 8 
				0 44 72 8 
				0 41 57 8 
				0 25 54 8 
				1 18 63 8 
	39 187 27 
		2
			7
				0 39 206 8 
				0 53 199 8 
				0 57 183 8 
				0 48 170 8 
				0 32 170 8 
				0 21 182 8 
				1 23 196 8 
			1
				0 39 187 8 
