31 31 0
	223 226 64 
		4
			21
				0 223 282 8 
				0 239 280 8 
				0 253 273 8 
				1 261 266 8 
				0 274 249 8 
				1 274 237 8 
				1 277 218 8 
				0 274 203 8 
				1 269 194 8 
				0 253 179 8 
				0 239 172 8 
				1 220 170 8 
				0 207 172 8 
				1 199 183 8 
				0 180 189 8 
				0 172 203 8 
				0 167 218 8 
				1 171 228 8 
				0 172 249 8 
				0 181 263 8 
				1 194 273 8 
			15
				1 224 264 8 
				1 242 265 8 
				0 252 254 8 
				1 258 235 8 
				0 263 225 8 
				0 259 209 8 
				1 245 198 8 
				1 235 180 8 
				0 220 186 8 
				0 205 190 8 
				0 192 200 8 
				1 185 213 8 
				1 188 230 8 
				1 187 253 8 
				0 198 257 8 
			9
				0 223 250 8 
				1 245 249 8 
				0 247 231 8 
				1 253 218 8 
				0 233 204 8 
				1 213 203 8 
				0 204 211 8 
				0 199 226 8 
				1 210 234 8 
			2
				1 226 236 8 
				1 229 212 8 
	170 142 51 
		3
			16
				0 170 185 8 
				1 178 183 8 
				0 199 173 8 
				0 209 161 8 
				0 213 145 8 
				0 211 129 8 
				0 203 115 8 
				0 191 105 8 
				1 178 100 8 
				0 160 100 8 
				0 146 107 8 
				0 134 118 8 
				0 128 133 8 
				0 128 149 8 
				1 136 168 8 
				1 154 170 8 
			10
				0 170 169 8 
				0 185 164 8 
				1 197 159 8 
				1 199 133 8 
				0 188 122 8 
				0 173 115 8 
				1 165 122 8 
				1 141 135 8 
				0 143 145 8 
				1 154 151 8 
			3
				1 173 145 8 
				0 181 141 8 
				0 169 131 8 
	121 246 45 
		3
			14
				0 121 283 8 
				0 137 279 8 
				0 149 269 8 
				0 157 255 8 
				1 153 241 8 
				0 151 224 8 
				0 139 214 8 
				1 124 211 8 
				0 107 212 8 
				0 94 221 8 
				1 91 238 8 
				1 92 254 8 
				0 90 266 8 
				1 108 269 8 
			7
				0 121 267 8 
				1 137 261 8 
				0 142 246 8 
				1 136 229 8 
				0 120 225 8 
				0 106 232 8 
				1 108 253 8 
			1
				1 125 244 8 
	303 159 45 
		3
			14
				1 298 195 8 
				0 319 193 8 
				1 323 185 8 
				1 332 167 8 
				0 340 153 8 
				0 334 138 8 
				0 322 127 8 
				1 306 125 8 
				1 290 129 8 
				0 277 132 8 
				0 268 145 8 
				0 266 161 8 
				0 270 176 8 
				0 280 189 8 
			8
				0 303 180 8 
				1 309 172 8 
				0 324 160 8 
				1 320 142 8 
				0 304 138 8 
				0 289 143 8 
				1 277 150 8 
				1 286 168 8 
			1
				0 303 159 8 
	299 236 38 
		2
			11
				1 299 258 8 
				0 314 262 8 
				1 323 253 8 
				0 329 235 8 
				1 326 223 8 
				0 312 209 8 
				1 303 214 8 
				0 282 211 8 
				0 271 224 8 
				0 269 239 8 
				1 279 257 8 
			5
				0 299 250 8 
				0 312 241 8 
				1 301 232 8 
				0 293 223 8 
				0 285 237 8 
	199 292 41 
		3
			12
				1 187 321 8 
				0 215 322 8 
				1 226 309 8 
				0 232 296 8 
				1 231 283 8 
				0 221 267 8 
				0 207 260 8 
				0 191 260 8 
				0 177 267 8 
				0 168 281 8 
				0 166 296 8 
				0 172 311 8 
			6
				1 203 317 8 
				1 208 299 8 
				0 215 286 8 
				0 204 275 8 
				0 188 279 8 
				1 180 290 8 
			1
				0 199 292 8 
	146 97 35 
		2
			10
				0 146 124 8 
				0 161 119 8 
				0 171 107 8 
				1 167 85 8 
				0 164 77 8 
				0 149 70 8 
				0 133 73 8 
				0 122 85 8 
				1 131 99 8 
				1 133 119 8 
			3
				0 146 108 8 
				0 157 96 8 
				1 143 85 8 
	177 325 26 
		2
			6
				1 181 337 8 
				0 191 336 8 
				0 195 321 8 
				0 185 308 8 
				1 167 310 8 
				1 163 326 8 
			1
				0 177 325 8 
	151 253 45 
		3
			14
				0 151 290 8 
				0 167 286 8 
				0 179 276 8 
				0 186 262 8 
				0 187 246 8 
				0 180 231 8 
				0 168 221 8 
				1 157 217 8 
				0 137 219 8 
				0 124 228 8 
				0 116 242 8 
				0 115 258 8 
				0 120 273 8 
				1 141 288 8 
			7
				1 158 281 8 
				0 166 267 8 
				0 172 252 8 
				0 165 238 8 
				0 150 232 8 
				0 135 240 8 
				0 131 255 8 
			1
				0 151 253 8 
	208 113 21 
		1
			4
				0 208 126 8 
				1 221 110 8 
				0 216 102 8 
				1 205 105 8 
	308 99 21 
		1
			4
				0 308 112 8 
				1 320 104 8 
				0 316 88 8 
				1 300 99 8 
	273 127 24 
		2
			6
				0 273 143 8 
				0 287 135 8 
				0 288 120 8 
				0 274 111 8 
				0 260 118 8 
				1 262 138 8 
			1
				1 274 125 8 
	69 224 25 
		2
			6
				0 69 241 8 
				0 83 233 8 
				1 80 213 8 
				0 72 207 8 
				0 57 213 8 
				0 53 228 8 
			1
				1 72 232 8 
	110 281 27 
		2
			7
				1 117 298 8 
				0 125 293 8 
				0 129 278 8 
				0 119 265 8 
				0 104 263 8 
				0 92 275 8 
				1 102 290 8 
			1
				0 110 281 8 
	327 276 9 
		1
			1
				1 327 276 8 
	105 186 9 
		1
			1
				1 105 186 8 
	204 337 9 
		1
			1
				1 203 337 8 
	118 154 11 
		1
			1
				1 116 154 8 
	146 335 11 
		1
			1
				1 148 334 8 
	215 89 11 
		1
			1
				1 213 90 8 
	81 295 12 
		1
			1
				1 82 292 8 
	141 350 12 
		1
			1
				1 143 352 8 
	131 60 13 
		1
			1
				1 135 62 8 
	63 249 13 
		1
			1
				1 64 254 8 
	350 153 14 
		1
			1
				1 344 153 8 
	364 214 15 
		1
			1
				1 360 208 8 
	219 136 15 
		1
			1
				1 214 141 8 
	357 220 16 
		1
			1
				1 356 227 8 
	228 303 22 
		1
			5
				0 228 317 8 
				0 241 308 8 
				1 240 297 8 
				0 222 290 8 
				0 214 304 8 
	190 170 42 
		3
			13
				0 190 204 8 
				0 206 200 8 
				0 218 190 8 
				0 224 175 8 
				0 222 159 8 
				0 213 145 8 
				0 199 137 8 
				0 183 137 8 
				0 169 144 8 
				0 159 156 8 
				0 156 172 8 
				0 161 187 8 
				1 171 198 8 
			6
				0 190 188 8 
				0 204 181 8 
				0 207 165 8 
				0 196 153 8 
				0 180 155 8 
				0 172 169 8 
			1
				0 190 170 8 
	272 192 44 
		3
			13
				0 272 228 8 
				0 288 224 8 
				0 300 214 8 
				0 307 200 8 
				0 307 184 8 
				0 300 169 8 
				0 287 160 8 
				0 272 156 8 
				1 260 168 8 
				0 244 170 8 
				0 237 185 8 
				0 237 201 8 
				0 244 215 8 
			7
				0 272 212 8 
				0 287 205 8 
				0 292 190 8 
				0 284 176 8 
				0 268 172 8 
				0 255 181 8 
				0 253 197 8 
			1
				0 272 192 8 
